0	99900	100	0
1	99900	100	0
2	99837	163	0
3	99630	370	0
4	98830	1170	0
5	96335	3665	0
6	91460	8540	0
7	84087	15913	0
8	75006	24994	0
9	65540	34460	0
10	56881	43119	0
11	49475	50525	0
12	43493	56407	100
13	38433	61404	163
14	34295	65335	370
15	30879	67951	1170
16	28164	68171	3665
17	26005	65455	8540
18	24278	59809	15913
19	22888	52118	24994
20	21930	43610	34460
21	21182	35699	43119
22	20627	28848	50525
23	20194	23299	56507
24	19893	18540	61567
25	19641	14654	65705
26	19454	11425	69121
27	19415	8849	71736
28	19365	6803	73832
29	19474	5174	75352
30	20197	3861	75942
31	22491	3104	74405
32	26858	2864	70278
33	32871	3669	63460
34	39593	5595	54812
35	45071	9282	45647
36	48031	14729	37240
37	48633	21346	30021
38	47387	28435	24178
39	45482	35287	19231
40	43121	41688	15191
41	40610	47538	11852
42	38179	52483	9338
43	35835	56478	7687
44	33587	59093	7320
45	31618	60093	8289
46	29838	58843	11319
47	28273	55457	16270
48	27020	50461	22519
49	26050	44636	29314
50	25248	38774	35978
51	24646	33129	42225
52	24135	27900	47965
53	23739	23289	52972
54	23429	19209	57362
55	23159	15602	61239
56	22958	12521	64521
57	22919	10023	67058
58	23189	7948	68863
59	24148	6541	69311
60	25760	5885	68355
61	28508	6022	65470
62	32253	7122	60625
63	35999	9482	54519
64	39068	13106	47826
65	40800	17916	41284
66	41508	23339	35153
67	41337	29159	29504
68	40496	34906	24598
69	39308	40359	20333
70	38033	45208	16759
71	36656	49197	14147
72	35246	52105	12649
73	33829	53881	12290
74	32438	54022	13540
75	31023	52681	16296
76	29864	49710	20426
77	28747	45890	25363
78	27883	41354	30763
79	27128	36657	36215
80	26544	31973	41483
81	26092	27543	46365
82	25702	23475	50823
83	25406	19863	54731
84	25216	16561	58223
85	25160	13819	61021
86	25429	11479	63092
87	26005	9881	64114
88	27007	8862	64131
89	28666	8699	62635
90	30792	9442	59766
91	33309	11151	55540
92	35480	13951	50569
93	37179	17682	45139
94	38108	22204	39688
95	38429	27146	34425
96	38200	32168	29632
97	37748	36878	25374
98	36983	41127	21890
99	35971	44917	19112
100	35014	47674	17312
101	34026	49447	16527
102	32910	50109	16981
103	31864	49506	18630
104	30890	47643	21467
105	29984	44781	25235
106	29167	41235	29598
107	28464	37279	34257
108	27825	33398	38777
109	27258	29588	43154
110	26805	25727	47468
111	26520	22313	51167
112	26298	19207	54495
113	26240	16551	57209
114	26418	14308	59274
115	26887	12702	60411
116	27779	11647	60574
117	28944	11374	59682
118	30408	12007	57585
119	32167	13340	54493
120	33829	15633	50538
121	35221	18730	46049
122	36221	22467	41312
123	36600	26576	36824
124	36526	30841	32633
125	36491	34844	28665
126	36034	38527	25439
127	35496	41730	22774
128	34772	44281	20947
129	34089	45825	20086
130	33251	46559	20190
131	32524	46086	21390
132	31740	44716	23544
133	30941	42559	26500
134	30256	39742	30002
135	29676	36438	33886
136	29138	33080	37782
137	28653	29694	41653
138	28350	26353	45297
139	28146	23177	48677
140	28033	20364	51603
141	28055	17898	54047
142	28243	15928	55829
143	28653	14461	56886
144	29335	13613	57052
145	30192	13404	56404
146	31377	13932	54691
147	32530	15338	52132
148	33731	17389	48880
149	34744	20182	45074
150	35494	23493	41013
151	35866	27011	37123
152	35895	30687	33418
153	35723	34250	30027
154	35459	37475	27066
155	35075	40085	24840
156	34540	42211	23249
157	33872	43591	22537
158	33121	44125	22754
159	32538	43752	23710
160	31966	42520	25514
161	31377	40555	28068
162	30799	38147	31054
163	30264	35325	34411
164	29829	32247	37924
165	29425	29211	41364
166	29161	26278	44561
167	29002	23436	47562
168	28905	20895	50200
169	28957	18625	52418
170	29214	16937	53849
171	29700	15670	54630
172	30248	15061	54691
173	31093	15044	53863
174	31904	15749	52347
175	32866	17145	49989
176	33895	19023	47082
177	34657	21515	43828
178	35266	24423	40311
179	35611	27544	36845
180	35746	30686	33568
181	35641	33658	30701
182	35460	36451	28089
183	35072	38767	26161
184	34675	40543	24782
185	34051	41605	24344
186	33588	41798	24614
187	32932	41518	25550
188	32262	40542	27196
189	31638	38953	29409
190	31062	36796	32142
191	30561	34396	35043
192	30127	31792	38081
193	29739	29157	41104
194	29446	26521	44033
195	29265	24035	46700
196	29217	21771	49012
197	29259	19999	50742
198	29518	18475	52007
199	29909	17397	52694
200	30565	16822	52613
201	31176	17031	51793
202	31850	17734	50416
203	32712	18930	48358
204	33382	20780	45838
205	34051	22939	43010
206	34491	25460	40049
207	34767	28108	37125
208	34827	30883	34290
209	34820	33465	31715
210	34750	35702	29548
211	34481	37689	27830
212	33923	39051	27026
213	33557	39811	26632
214	33159	40095	26746
215	32762	39573	27665
216	32229	38618	29153
217	31728	37159	31113
218	31245	35314	33441
219	30866	33118	36016
220	30579	30762	38659
221	30374	28411	41215
222	30187	26065	43748
223	29982	23940	46078
224	29920	22112	47968
225	30056	20500	49444
226	30203	19381	50416
227	30640	18620	50740
228	31077	18385	50538
229	31415	18760	49825
230	32083	19563	48354
231	32621	20897	46482
232	33249	22585	44166
233	33647	24648	41705
234	34090	26775	39135
235	34282	29103	36615
236	34362	31396	34242
237	34484	33408	32108
238	34352	35339	30309
239	34056	36832	29112
240	33769	37741	28490
241	33365	38291	28344
242	32957	38282	28761
243	32578	37830	29592
244	32152	36809	31039
245	31742	35466	32792
246	31314	33730	34956
247	30951	31822	37227
248	30666	29883	39451
249	30574	27718	41708
250	30471	25697	43832
251	30336	23933	45731
252	30467	22279	47254
253	30590	20987	48423
254	30866	20097	49037
255	31201	19711	49088
256	31556	19749	48695
257	31975	20236	47789
258	32345	21191	46464
259	32962	22352	44686
260	33329	24020	42651
261	33707	25867	40426
262	33992	27740	38268
263	34064	29811	36125
264	34177	31752	34071
265	34125	33573	32302
266	34057	34885	31058
267	33811	36036	30153
268	33479	36778	29743
269	33096	37079	29825
270	32749	37022	30229
271	32379	36416	31205
272	32037	35400	32563
273	31712	34102	34186
274	31381	32566	36053
275	31090	30805	38105
276	30907	28915	40178
277	30676	27314	42010
278	30510	25580	43910
279	30468	23998	45534
280	30494	22699	46807
281	30737	21723	47540
282	30978	21150	47872
283	31294	20979	47727
284	31613	21290	47097
285	31901	21832	46267
286	32317	22793	44890
287	32720	24054	43226
288	33026	25390	41584
289	33335	26986	39679
290	33567	28653	37780
291	33797	30270	35933
292	33717	31905	34378
293	33734	33280	32986
294	33746	34326	31928
295	33686	35006	31308
296	33480	35443	31077
297	33191	35542	31267
298	32854	35266	31880
299	32435	34693	32872
300	32139	33762	34099
301	31760	32612	35628
302	31469	31243	37288
303	31309	29722	38969
304	31046	28268	40686
305	30864	26880	42256
306	30872	25513	43615
307	30799	24404	44797
308	30860	23481	45659
309	30942	22891	46167
310	31127	22598	46275
311	31346	22625	46029
312	31587	22966	45447
313	31979	23544	44477
314	32230	24469	43301
315	32585	25447	41968
316	32857	26660	40483
317	33105	28037	38858
318	33315	29389	37296
319	33465	30675	35860
320	33497	31771	34732
321	33464	32669	33867
322	33476	33313	33211
323	33435	33694	32871
324	33374	33871	32755
325	33262	33661	33077
326	33028	33319	33653
327	32898	32571	34531
328	32618	31730	35652
329	32360	30677	36963
330	32147	29586	38267
331	31933	28444	39623
332	31703	27274	41023
333	31620	26260	42120
334	31512	25404	43084
335	31646	24619	43735
336	31709	24151	44140
337	31773	23880	44347
338	31914	23950	44136
339	31985	24177	43838
340	32228	24601	43171
341	32338	25256	42406
342	32521	26072	41407
343	32694	27046	40260
344	32849	28160	38991
345	32994	29193	37813
346	33185	30232	36583
347	33275	31103	35622
348	33272	31814	34914
349	33161	32447	34392
350	32974	32882	34144
351	32913	32976	34111
352	32863	32794	34343
353	32646	32446	34908
354	32528	31896	35576
355	32420	31106	36474
356	32297	30283	37420
357	32139	29490	38371
358	32065	28484	39451
359	32053	27479	40468
360	32031	26534	41435
361	31857	25736	42407
362	31908	25156	42936
363	31966	24777	43257
364	32027	24569	43404
365	32098	24607	43295
366	32168	24853	42979
367	32295	25258	42447
368	32399	25812	41789
369	32501	26610	40889
370	32797	27416	39787
371	32873	28351	38776
372	32768	29321	37911
373	32740	30271	36989
374	32749	31031	36220
375	32850	31624	35526
376	32898	32082	35020
377	32803	32341	34856
378	32595	32494	34911
379	32531	32314	35155
380	32461	31936	35603
381	32348	31555	36097
382	32394	30762	36844
383	32328	29930	37742
384	32128	29096	38776
385	31935	28293	39772
386	31929	27455	40616
387	31948	26686	41366
388	31943	26016	42041
389	31962	25410	42628
390	32000	25100	42900
391	32031	25037	42932
392	32019	25182	42799
393	32047	25605	42348
394	32147	25993	41860
395	32280	26458	41262
396	32285	27066	40649
397	32482	27798	39720
398	32750	28519	38731
399	32876	29338	37786
400	32927	30066	37007
401	32809	30815	36376
402	32725	31388	35887
403	32737	31623	35640
404	32805	31736	35459
405	32686	31775	35539
406	32564	31652	35784
407	32594	31246	36160
408	32364	30880	36756
409	32318	30362	37320
410	32213	29759	38028
411	32208	29012	38780
412	32045	28219	39736
413	31985	27426	40589
414	31980	26773	41247
415	32088	26127	41785
416	32055	25731	42214
417	32133	25468	42399
418	32228	25548	42224
419	32327	25642	42031
420	32415	25896	41689
421	32485	26186	41329
422	32550	26724	40726
423	32662	27181	40157
424	32663	27841	39496
425	32740	28578	38682
426	32759	29395	37846
427	32958	29912	37130
428	33041	30480	36479
429	32990	30861	36149
430	32907	31156	35937
431	32841	31349	35810
432	32754	31383	35863
433	32511	31285	36204
434	32498	31044	36458
435	32452	30573	36975
436	32575	29924	37501
437	32510	29261	38229
438	32514	28663	38823
439	32460	28007	39533
440	32411	27352	40237
441	32352	26682	40966
442	32458	26114	41428
443	32533	25689	41778
444	32664	25395	41941
445	32767	25373	41860
446	32796	25552	41652
447	32827	25934	41239
448	32974	26260	40766
449	32883	26812	40305
450	32946	27355	39699
451	33096	27893	39011
452	33223	28524	38253
453	33276	29094	37630
454	33233	29780	36987
455	33243	30282	36475
456	33238	30685	36077
457	33265	30880	35855
458	33220	30990	35790
459	33166	31093	35741
460	33041	30886	36073
461	32885	30634	36481
462	32629	30391	36980
463	32583	29901	37516
464	32536	29403	38061
465	32470	28770	38760
466	32413	28182	39405
467	32336	27584	40080
468	32292	27087	40621
469	32284	26625	41091
470	32348	26213	41439
471	32411	26003	41586
472	32535	25902	41563
473	32636	25927	41437
474	32567	26276	41157
475	32732	26616	40652
476	32805	27020	40175
477	32727	27579	39694
478	32764	28096	39140
479	32772	28614	38614
480	32839	29225	37936
481	32868	29762	37370
482	32902	30194	36904
483	32851	30564	36585
484	32832	30794	36374
485	32852	30808	36340
486	32814	30804	36382
487	32735	30704	36561
488	32752	30366	36882
489	32662	30003	37335
490	32448	29727	37825
491	32403	29206	38391
492	32458	28592	38950
493	32347	28139	39514
494	32292	27646	40062
495	32332	27125	40543
496	32363	26702	40935
497	32399	26418	41183
498	32409	26228	41363
499	32367	26312	41321
500	32395	26543	41062
501	32400	26664	40936
502	32454	26969	40577
503	32595	27442	39963
504	32602	27841	39557
505	32598	28308	39094
506	32766	28791	38443
507	32761	29364	37875
508	32763	29830	37407
509	32729	30244	37027
510	32756	30405	36839
511	32680	30523	36797
512	32663	30541	36796
513	32715	30443	36842
514	32707	30254	37039
515	32661	29944	37395
516	32769	29556	37675
517	32734	29238	38028
518	32502	28851	38647
519	32464	28438	39098
520	32417	27958	39625
521	32324	27557	40119
522	32238	27144	40618
523	32311	26770	40919
524	32386	26557	41057
525	32457	26562	40981
526	32549	26655	40796
527	32477	26956	40567
528	32465	27238	40297
529	32422	27522	40056
530	32425	27880	39695
531	32466	28259	39275
532	32456	28659	38885
533	32472	29130	38398
534	32534	29607	37859
535	32587	30043	37370
536	32593	30269	37138
537	32473	30599	36928
538	32445	30573	36982
539	32499	30409	37092
540	32525	30151	37324
541	32547	29822	37631
542	32577	29445	37978
543	32613	29081	38306
544	32740	28583	38677
545	32796	28176	39028
546	32871	27674	39455
547	32867	27283	39850
548	32832	26785	40383
549	32752	26463	40785
550	32713	26343	40944
551	32845	26242	40913
552	32842	26360	40798
553	32895	26638	40467
554	32830	27021	40149
555	32759	27503	39738
556	32808	27868	39324
557	32731	28399	38870
558	32631	28895	38474
559	32649	29313	38038
560	32544	29815	37641
561	32502	30254	37244
562	32514	30600	36886
563	32680	30761	36559
564	32650	30818	36532
565	32449	30790	36761
566	32272	30638	37090
567	32281	30349	37370
568	32176	30000	37824
569	32123	29589	38288
570	32122	29110	38768
571	32161	28559	39280
572	32152	28024	39824
573	32183	27614	40203
574	32295	27170	40535
575	32286	26827	40887
576	32284	26508	41208
577	32252	26262	41486
578	32400	26241	41359
579	32483	26331	41186
580	32671	26473	40856
581	32772	26853	40375
582	32611	27418	39971
583	32628	27923	39449
584	32610	28468	38922
585	32588	29020	38392
586	32652	29449	37899
587	32617	29921	37462
588	32579	30273	37148
589	32481	30680	36839
590	32514	30787	36699
591	32466	30995	36539
592	32427	30983	36590
593	32205	30755	37040
594	32254	30374	37372
595	32276	29923	37801
596	32267	29431	38302
597	32195	29016	38789
598	32274	28367	39359
599	32340	27853	39807
600	32287	27364	40349
601	32337	27004	40659
602	32346	26628	41026
603	32353	26336	41311
604	32251	26195	41554
605	32404	26181	41415
606	32432	26317	41251
607	32501	26619	40880
608	32678	26935	40387
609	32731	27466	39803
610	32846	27962	39192
611	32931	28376	38693
612	32841	28945	38214
613	32911	29356	37733
614	32813	29813	37374
615	32821	30110	37069
616	32677	30514	36809
617	32729	30698	36573
618	32683	30801	36516
619	32618	30815	36567
620	32457	30648	36895
621	32301	30468	37231
622	32136	30226	37638
623	32135	29722	38143
624	32082	29196	38722
625	32128	28538	39334
626	32210	27975	39815
627	32269	27412	40319
628	32392	26965	40643
629	32501	26518	40981
630	32698	26115	41187
631	32613	26025	41362
632	32699	25919	41382
633	32804	25951	41245
634	32817	26253	40930
635	32833	26715	40452
636	32786	27304	39910
637	32751	27835	39414
638	32802	28412	38786
639	32794	28954	38252
640	32868	29446	37686
641	32962	29846	37192
642	33029	30098	36873
643	32965	30432	36603
644	32849	30756	36395
645	32830	30802	36368
646	32677	30804	36519
647	32638	30616	36746
648	32603	30374	37023
649	32571	29953	37476
650	32459	29531	38010
651	32386	29020	38594
652	32426	28511	39063
653	32413	28028	39559
654	32377	27553	40070
655	32318	27049	40633
656	32333	26612	41055
657	32544	26158	41298
658	32578	25979	41443
659	32660	25894	41446
660	32808	26016	41176
661	32948	26226	40826
662	33019	26671	40310
663	32951	27310	39739
664	33012	27813	39175
665	32978	28353	38669
666	32804	28960	38236
667	32634	29545	37821
668	32625	30017	37358
669	32649	30361	36990
670	32718	30698	36584
671	32761	30849	36390
672	32773	30979	36248
673	32603	31032	36365
674	32445	30880	36675
675	32210	30755	37035
676	31969	30540	37491
677	31844	29980	38176
678	31742	29403	38855
679	31809	28844	39347
680	31836	28366	39798
681	31927	27840	40233
682	31899	27474	40627
683	31978	26953	41069
684	32048	26534	41418
685	32093	26246	41661
686	32168	26058	41774
687	32347	25848	41805
688	32518	25997	41485
689	32634	26418	40948
690	32592	27030	40378
691	32633	27556	39811
692	32720	28167	39113
693	32743	28701	38556
694	32595	29400	38005
695	32585	29824	37591
696	32550	30241	37209
697	32541	30476	36983
698	32521	30805	36674
699	32525	31025	36450
700	32535	30979	36486
701	32554	30793	36653
702	32614	30559	36827
703	32436	30264	37300
704	32345	29801	37854
705	32134	29305	38561
706	32123	28828	39049
707	32120	28270	39610
708	32158	27857	39985
709	32076	27398	40526
710	32119	26940	40941
711	32198	26583	41219
712	32214	26398	41388
713	32202	26260	41538
714	32295	26138	41567
715	32470	26293	41237
716	32570	26594	40836
717	32638	27041	40321
718	32805	27482	39713
719	32868	27991	39141
720	32971	28505	38524
721	32827	29116	38057
722	32798	29641	37561
723	32590	30100	37310
724	32515	30492	36993
725	32463	30857	36680
726	32469	30980	36551
727	32416	30947	36637
728	32294	30903	36803
729	32321	30748	36931
730	32231	30438	37331
731	32227	30049	37724
732	32139	29516	38345
733	32137	28931	38932
734	32092	28355	39553
735	32079	27834	40087
736	32050	27353	40597
737	32102	26950	40948
738	32130	26684	41186
739	32187	26367	41446
740	32254	26205	41541
741	32394	26130	41476
742	32611	26210	41179
743	32825	26355	40820
744	32842	26777	40381
745	32963	27120	39917
746	33054	27530	39416
747	33160	28006	38834
748	33123	28620	38257
749	33246	28984	37770
750	33297	29382	37321
751	33268	29843	36889
752	33232	30142	36626
753	33183	30375	36442
754	33176	30552	36272
755	33054	30536	36410
756	32898	30503	36599
757	32870	30233	36897
758	32828	29848	37324
759	32790	29264	37946
760	32815	28786	38399
761	32868	28263	38869
762	32754	27867	39379
763	32662	27520	39818
764	32725	27142	40133
765	32736	26807	40457
766	32661	26598	40741
767	32653	26375	40972
768	32622	26458	40920
769	32677	26506	40817
770	32812	26755	40433
771	32846	27089	40065
772	32913	27485	39602
773	33001	27759	39240
774	33152	28130	38718
775	33146	28563	38291
776	33141	28977	37882
777	33199	29305	37496
778	33197	29598	37205
779	33193	29804	37003
780	33140	30089	36771
781	33064	30284	36652
782	32933	30416	36651
783	32671	30475	36854
784	32591	30258	37151
785	32444	29972	37584
786	32316	29616	38068
787	32266	29138	38596
788	32452	28614	38934
789	32492	28225	39283
790	32541	27794	39665
791	32634	27313	40053
792	32650	27012	40338
793	32599	26709	40692
794	32667	26462	40871
795	32627	26470	40903
796	32608	26591	40801
797	32593	26812	40595
798	32472	27279	40249
799	32442	27769	39789
800	32373	28249	39378
801	32382	28722	38896
802	32444	29167	38389
803	32401	29554	38045
804	32385	29812	37803
805	32337	30134	37529
806	32402	30314	37284
807	32489	30403	37108
808	32521	30488	36991
809	32562	30385	37053
810	32364	30336	37300
811	32229	30116	37655
812	32282	29716	38002
813	32124	29458	38418
814	32069	28946	38985
815	31983	28627	39390
816	31957	28174	39869
817	31946	27769	40285
818	32119	27382	40499
819	32230	27000	40770
820	32237	26787	40976
821	32422	26412	41166
822	32447	26373	41180
823	32603	26491	40906
824	32751	26652	40597
825	32797	27041	40162
826	32831	27401	39768
827	32994	27685	39321
828	32974	28139	38887
829	33028	28645	38327
830	32911	29131	37958
831	32928	29443	37629
832	32914	29822	37264
833	32882	29968	37150
834	32888	30203	36909
835	32952	30184	36864
836	32833	30300	36867
837	32864	30083	37053
838	32722	29988	37290
839	32602	29830	37568
840	32371	29603	38026
841	32335	29203	38462
842	32290	28812	38898
843	32242	28441	39317
844	32183	28081	39736
845	32209	27679	40112
846	32435	27304	40261
847	32400	26845	40755
848	32481	26756	40763
849	32482	26731	40787
850	32547	26707	40746
851	32613	26799	40588
852	32655	27081	40264
853	32541	27434	40025
854	32522	27859	39619
855	32551	28277	39172
856	32608	28732	38660
857	32518	29360	38122
858	32569	29653	37778
859	32543	29906	37551
860	32499	30186	37315
861	32390	30341	37269
862	32505	30408	37087
863	32332	30406	37262
864	32292	30237	37471
865	32279	30073	37648
866	32229	29925	37846
867	32302	29509	38189
868	32262	29068	38670
869	32191	28819	38990
870	32018	28606	39376
871	32017	28161	39822
872	31851	27843	40306
873	31845	27505	40650
874	32005	27083	40912
875	32137	26886	40977
876	32211	26775	41014
877	32395	26633	40972
878	32575	26808	40617
879	32600	27096	40304
880	32750	27300	39950
881	32778	27517	39705
882	32810	27939	39251
883	32897	28314	38789
884	32681	28817	38502
885	32695	29216	38089
886	32724	29599	37677
887	32781	29771	37448
888	32832	29971	37197
889	32917	30064	37019
890	32758	30079	37163
891	32792	30031	37177
892	32791	29912	37297
893	32569	29750	37681
894	32518	29447	38035
895	32406	29094	38500
896	32498	28803	38699
897	32388	28497	39115
898	32343	28281	39376
899	32310	28027	39663
900	32230	27770	40000
901	32186	27458	40356
902	32282	27285	40433
903	32270	27154	40576
904	32315	27062	40623
905	32401	27213	40386
906	32226	27480	40294
907	32280	27735	39985
908	32363	27964	39673
909	32368	28289	39343
910	32607	28520	38873
911	32527	28919	38554
912	32552	29233	38215
913	32436	29617	37947
914	32511	29730	37759
915	32468	29911	37621
916	32534	29946	37520
917	32499	29758	37743
918	32584	29608	37808
919	32594	29519	37887
920	32550	29265	38185
921	32686	29015	38299
922	32598	28732	38670
923	32570	28479	38951
924	32586	28131	39283
925	32481	28057	39462
926	32429	27809	39762
927	32304	27688	40008
928	32265	27519	40216
929	32257	27481	40262
930	32222	27434	40344
931	32348	27415	40237
932	32554	27612	39834
933	32538	27795	39667
934	32604	27930	39466
935	32727	28148	39125
936	32773	28228	38999
937	32911	28437	38652
938	32930	28607	38463
939	32910	28972	38118
940	32837	29150	38013
941	32910	29223	37867
942	32937	29357	37706
943	32958	29354	37688
944	32970	29176	37854
945	33056	29067	37877
946	33097	28895	38008
947	33027	28761	38212
948	33056	28587	38357
949	33057	28352	38591
950	32956	28085	38959
951	32943	27951	39106
952	32768	27951	39281
953	32799	27826	39375
954	32688	27789	39523
955	32655	27796	39549
956	32650	27840	39510
957	32556	27956	39488
958	32589	28050	39361
959	32570	28281	39149
960	32515	28472	39013
961	32540	28564	38896
962	32437	28734	38829
963	32466	28739	38795
964	32605	28801	38594
965	32750	28910	38340
966	32739	29066	38195
967	32740	29133	38127
968	32802	29111	38087
969	32773	29170	38057
970	32687	29059	38254
971	32757	28825	38418
972	32713	28722	38565
973	32777	28421	38802
974	32907	28146	38947
975	32913	28044	39043
976	32954	27881	39165
977	32875	27815	39310
978	32991	27700	39309
979	32937	27691	39372
980	32932	27630	39438
981	32907	27576	39517
982	32943	27654	39403
983	32858	27811	39331
984	32743	28084	39173
985	32732	28456	38812
986	32713	28672	38615
987	32569	28949	38482
988	32468	29141	38391
989	32293	29437	38270
990	32122	29616	38262
991	32152	29690	38158
992	32215	29758	38027
993	32185	29891	37924
994	32172	29797	38031
995	32181	29732	38087
996	32155	29636	38209
997	32065	29473	38462
998	32166	29125	38709
999	32177	28712	39111
