0	99900	100	0
1	99900	100	0
2	99827	173	0
3	99612	388	0
4	99085	915	0
5	97834	2166	0
6	94315	5685	0
7	88257	11743	0
8	79942	20058	0
9	70406	29594	0
10	61039	38961	0
11	52753	47247	0
12	45978	54022	0
13	40438	59562	0
14	35836	64164	0
15	32172	67828	0
16	29139	70861	0
17	26670	73330	0
18	24513	75487	0
19	22683	77317	0
20	21037	78963	0
21	19691	80309	0
22	18537	81463	0
23	17463	82437	100
24	16482	83345	173
25	15678	83934	388
26	14921	84164	915
27	14249	83585	2166
28	13693	80622	5685
29	13216	75041	11743
30	12760	67182	20058
31	12414	57992	29594
32	12140	48899	38961
33	11908	40845	47247
34	11725	34253	54022
35	11593	28845	59562
36	11485	24351	64164
37	11379	20793	67828
38	11303	17836	70861
39	11241	15429	73330
40	11186	13327	75487
41	11142	11541	77317
42	11110	9927	78963
43	11079	8612	80309
44	11049	7488	81463
45	11031	6432	82537
46	11005	5477	83518
47	10989	4689	84322
48	10968	3953	85079
49	10961	3288	85751
50	10956	2737	86307
51	10953	2263	86784
52	10946	1814	87240
53	10935	1479	87586
54	10926	1214	87860
55	10923	985	88092
56	10919	806	88275
57	10916	677	88407
58	10914	571	88515
59	11013	466	88521
60	11086	390	88524
61	11301	328	88371
62	11827	274	87899
63	13076	232	86692
64	16585	210	83205
65	22558	264	77178
66	30704	403	68893
67	39766	859	59375
68	47887	2079	50034
69	53300	4936	41764
70	55132	9858	35010
71	53652	16871	29477
72	50370	24750	24880
73	46158	32623	21219
74	41946	39861	18193
75	38063	46202	15735
76	34812	51601	13587
77	32107	56133	11760
78	29861	60021	10118
79	27857	63368	8775
80	26184	66193	7623
81	24772	68678	6550
82	23545	70886	5569
83	22437	72798	4765
84	21431	74560	4009
85	20535	76126	3339
86	19657	77550	2793
87	18874	78725	2401
88	18172	79714	2114
89	17467	80291	2242
90	16783	80003	3214
91	16177	77968	5855
92	15633	73752	10615
93	15154	67343	17503
94	14711	60010	25279
95	14425	52526	33049
96	14188	45594	40218
97	13982	39510	46508
98	13807	34332	51861
99	13678	29970	56352
100	13544	26244	60212
101	13453	23016	63531
102	13359	20313	66328
103	13282	17922	68796
104	13202	15820	70978
105	13143	13983	72874
106	13106	12278	74616
107	13060	10763	76177
108	13028	9366	77606
109	12989	8148	78863
110	12968	7018	80014
111	12956	5990	81054
112	12951	5046	82003
113	12934	4228	82838
114	12923	3516	83561
115	12908	2923	84169
116	12902	2380	84718
117	12895	1996	85109
118	12883	1695	85422
119	12877	1433	85690
120	12871	1210	85919
121	12871	1039	86090
122	12877	877	86246
123	12957	760	86283
124	13120	642	86238
125	13586	555	85859
126	14818	463	84719
127	17653	426	81921
128	22479	485	77036
129	29121	810	70069
130	36147	1631	62222
131	41878	3734	54388
132	45312	7517	47171
133	46178	12980	40842
134	44887	19665	35448
135	42193	26874	30933
136	39202	33742	27056
137	36222	40054	23724
138	33633	45462	20905
139	31490	50083	18427
140	29733	54036	16231
141	28024	57651	14325
142	26746	60685	12569
143	25504	63493	11003
144	24375	66052	9573
145	23405	68277	8318
146	22600	70234	7166
147	21773	72104	6123
148	21092	73729	5179
149	20355	75266	4379
150	19675	76556	3769
151	19008	77456	3536
152	18385	77772	3843
153	17749	76655	5596
154	17112	73794	9094
155	16553	69135	14312
156	16109	63110	20781
157	15688	56475	27837
158	15413	50033	34554
159	15167	44071	40762
160	14996	38950	46054
161	14854	34558	50588
162	14712	30841	54447
163	14573	27434	57993
164	14455	24569	60976
165	14364	21903	63733
166	14294	19447	66259
167	14223	17330	68447
168	14154	15464	70382
169	14101	13662	72237
170	14056	12082	73862
171	14021	10562	75417
172	13978	9213	76809
173	13934	7997	78069
174	13898	6867	79235
175	13877	5868	80255
176	13855	4952	81193
177	13841	4145	82014
178	13820	3499	82681
179	13808	2919	83273
180	13799	2491	83710
181	13789	2138	84073
182	13778	1860	84362
183	13771	1638	84591
184	13775	1400	84825
185	13803	1196	85001
186	13912	1028	85060
187	14279	895	84826
188	15120	805	84075
189	17231	726	82043
190	20871	800	78329
191	25802	1279	72919
192	31168	2553	66279
193	35739	5156	59105
194	38458	9262	52280
195	39450	14538	46012
196	38716	20644	40640
197	36965	26995	36040
198	34855	33036	32109
199	32923	38569	28508
200	31033	43472	25495
201	29519	47782	22699
202	28292	51559	20149
203	27005	55061	17934
204	25885	58127	15988
205	25118	60757	14125
206	24285	63219	12496
207	23531	65538	10931
208	22867	67601	9532
209	22235	69500	8265
210	21602	71290	7108
211	20991	72895	6114
212	20389	74276	5335
213	19750	75187	5063
214	19151	75127	5722
215	18564	73650	7786
216	17957	70534	11509
217	17391	66130	16479
218	16940	60726	22334
219	16530	54993	28477
220	16286	49410	34304
221	16058	44299	39643
222	15877	39725	44398
223	15709	35713	48578
224	15528	32211	52261
225	15390	28945	55665
226	15256	26093	58651
227	15158	23622	61220
228	15051	21316	63633
229	14948	19145	65907
230	14898	17182	67920
231	14867	15365	69768
232	14819	13650	71531
233	14772	12087	73141
234	14741	10600	74659
235	14696	9199	76105
236	14671	7979	77350
237	14644	6839	78517
238	14627	5821	79552
239	14608	4921	80471
240	14600	4200	81200
241	14590	3578	81832
242	14572	3114	82314
243	14558	2696	82746
244	14556	2349	83095
245	14556	2048	83396
246	14561	1772	83667
247	14582	1534	83884
248	14738	1318	83944
249	15243	1194	83563
250	16385	1219	82396
251	18612	1492	79896
252	21800	2360	75840
253	25404	4001	70595
254	28977	6486	64537
255	31660	10107	58233
256	32959	14818	52223
257	33235	20030	46735
258	32591	25552	41857
259	31575	30851	37574
260	30462	35724	33814
261	29516	40153	30331
262	28467	44260	27273
263	27365	47982	24653
264	26471	51320	22209
265	25629	54467	19904
266	24889	57268	17843
267	24153	59903	15944
268	23512	62339	14149
269	22818	64659	12523
270	22350	66664	10986
271	21847	68583	9570
272	21288	70224	8488
273	20782	71480	7738
274	20364	71970	7666
275	19880	71654	8466
276	19397	70306	10297
277	18907	67746	13347
278	18379	63990	17631
279	18011	59523	22466
280	17608	54708	27684
281	17320	49968	32712
282	17072	45601	37327
283	16885	41576	41539
284	16714	37846	45440
285	16547	34440	49013
286	16419	31368	52213
287	16298	28476	55226
288	16179	25892	57929
289	16059	23459	60482
290	15990	21172	62838
291	15911	18994	65095
292	15846	17104	67050
293	15773	15273	68954
294	15723	13544	70733
295	15675	11946	72379
296	15623	10562	73815
297	15584	9217	75199
298	15550	8047	76403
299	15528	6957	77515
300	15515	5978	78507
301	15496	5211	79293
302	15476	4481	80043
303	15458	3910	80632
304	15437	3407	81156
305	15435	2984	81581
306	15428	2604	81968
307	15455	2286	82259
308	15616	2022	82362
309	15993	1797	82210
310	16738	1801	81461
311	18063	1997	79940
312	19867	2609	77524
313	22217	3801	73982
314	24993	5671	69336
315	27356	8447	64197
316	29186	12089	58725
317	30175	16351	53474
318	30186	21161	48653
319	29830	25907	44263
320	29405	30405	40190
321	28695	34815	36490
322	27931	38904	33165
323	27270	42693	30037
324	26544	46200	27256
325	25857	49504	24639
326	25271	52505	22224
327	24768	55326	19906
328	24103	57989	17908
329	23593	60445	15962
330	23127	62713	14160
331	22684	64789	12527
332	22180	66528	11292
333	21686	68031	10283
334	21158	69015	9827
335	20703	69260	10037
336	20265	68718	11017
337	19744	67135	13121
338	19333	64561	16106
339	18909	61234	19857
340	18550	57237	24213
341	18248	53158	28594
342	17959	49292	32749
343	17706	45429	36865
344	17493	41806	40701
345	17312	38434	44254
346	17121	35315	47564
347	17011	32305	50684
348	16878	29565	53557
349	16771	26991	56238
350	16686	24521	58793
351	16596	22270	61134
352	16528	20143	63329
353	16478	18152	65370
354	16414	16328	67258
355	16349	14554	69097
356	16274	12931	70795
357	16202	11458	72340
358	16155	10088	73757
359	16123	8832	75045
360	16095	7719	76186
361	16067	6752	77181
362	16043	5914	78043
363	16014	5218	78768
364	15988	4575	79437
365	15992	4000	80008
366	16000	3515	80485
367	16015	3094	80891
368	16213	2709	81078
369	16537	2471	80992
370	17071	2416	80513
371	17972	2600	79428
372	19153	3204	77643
373	20835	4208	74957
374	22831	5786	71383
375	24768	8061	67171
376	26457	11118	62425
377	27495	14761	57744
378	27970	18709	53321
379	28171	22846	48983
380	28072	26987	44941
381	27673	31143	41184
382	27210	35085	37705
383	26690	38881	34429
384	26136	42412	31452
385	25617	45723	28660
386	25201	48776	26023
387	24696	51741	23563
388	24250	54463	21287
389	23744	57060	19196
390	23295	59446	17259
391	22875	61693	15432
392	22422	63664	13914
393	22006	65226	12768
394	21605	66266	12129
395	21147	66823	12030
396	20655	66737	12608
397	20246	65756	13998
398	19810	63884	16306
399	19341	61312	19347
400	18995	58267	22738
401	18697	54903	26400
402	18458	51420	30122
403	18260	47847	33893
404	18026	44499	37475
405	17855	41140	41005
406	17655	38046	44299
407	17511	35097	47392
408	17362	32360	50278
409	17254	29712	53034
410	17130	27263	55607
411	17006	24890	58104
412	16903	22720	60377
413	16819	20610	62571
414	16802	18551	64647
415	16765	16699	66536
416	16710	14983	68307
417	16667	13312	70021
418	16593	11781	71626
419	16552	10446	73002
420	16520	9204	74276
421	16470	8089	75441
422	16459	7111	76430
423	16412	6285	77303
424	16386	5587	78027
425	16386	4968	78646
426	16385	4350	79265
427	16420	3906	79674
428	16599	3472	79929
429	16889	3222	79889
430	17421	3145	79434
431	18148	3314	78538
432	19166	3750	77084
433	20458	4609	74933
434	22046	5975	71979
435	23700	7880	68420
436	25020	10491	64489
437	26062	13549	60389
438	26688	17009	56303
439	27078	20732	52190
440	27148	24530	48322
441	26940	28493	44567
442	26775	32157	41068
443	26419	35774	37807
444	26090	39145	34765
445	25709	42444	31847
446	25259	45590	29151
447	24956	48490	26554
448	24545	51286	24169
449	24212	53901	21887
450	23904	56359	19737
451	23479	58636	17885
452	23027	60660	16313
453	22668	62303	15029
454	22326	63577	14097
455	21830	64384	13786
456	21378	64552	14070
457	20937	64075	14988
458	20588	62699	16713
459	20152	60813	19035
460	19785	58323	21892
461	19466	55459	25075
462	19235	52412	28353
463	18919	49161	31920
464	18696	46125	35179
465	18445	43071	38484
466	18259	40191	41550
467	18110	37311	44579
468	17925	34597	47478
469	17775	32071	50154
470	17682	29583	52735
471	17580	27242	55178
472	17441	25014	57545
473	17336	22842	59822
474	17250	20760	61990
475	17166	18814	64020
476	17118	16989	65893
477	17065	15211	67724
478	17007	13575	69418
479	16986	12040	70974
480	16946	10753	72301
481	16915	9522	73563
482	16876	8496	74628
483	16843	7591	75566
484	16804	6781	76415
485	16789	6036	77175
486	16791	5377	77832
487	16881	4786	78333
488	17031	4373	78596
489	17328	4096	78576
490	17679	3996	78325
491	18297	4087	77616
492	19137	4520	76343
493	20176	5284	74540
494	21451	6481	72068
495	22751	8134	69115
496	23902	10357	65741
497	24872	13026	62102
498	25602	16046	58352
499	26214	19344	54442
500	26250	22914	50836
501	26233	26527	47240
502	26009	30082	43909
503	25888	33471	40641
504	25619	36847	37534
505	25232	40101	34667
506	24923	43167	31910
507	24568	46122	29310
508	24211	48939	26850
509	23914	51603	24483
510	23660	54031	22309
511	23409	56222	20369
512	23114	58142	18744
513	22817	59864	17319
514	22560	61129	16311
515	22139	62112	15749
516	21688	62462	15850
517	21372	62192	16436
518	20931	61294	17775
519	20490	59841	19669
520	20107	57907	21986
521	19773	55602	24625
522	19486	52889	27625
523	19282	50022	30696
524	19080	47120	33800
525	18896	44303	36801
526	18764	41452	39784
527	18577	38726	42697
528	18411	36095	45494
529	18255	33555	48190
530	18150	31075	50775
531	18024	28732	53244
532	17910	26510	55580
533	17805	24418	57777
534	17681	22422	59897
535	17624	20404	61972
536	17586	18549	63865
537	17532	16647	65821
538	17461	14980	67559
539	17406	13488	69106
540	17348	12079	70573
541	17316	10765	71919
542	17287	9601	73112
543	17250	8559	74191
544	17230	7633	75137
545	17217	6851	75932
546	17285	6168	76547
547	17360	5632	77008
548	17547	5213	77240
549	17754	4910	77336
550	18123	4808	77069
551	18652	4887	76461
552	19346	5285	75369
553	20148	6010	73842
554	21276	6991	71733
555	22335	8496	69169
556	23326	10401	66273
557	24151	12817	63032
558	24933	15567	59500
559	25378	18681	55941
560	25671	21872	52457
561	25749	25128	49123
562	25722	28473	45805
563	25674	31743	42583
564	25442	35012	39546
565	25212	38160	36628
566	24935	41234	33831
567	24699	44121	31180
568	24474	46842	28684
569	24135	49447	26418
570	23827	51862	24311
571	23549	54069	22382
572	23216	56036	20748
573	23065	57699	19236
574	22739	59069	18192
575	22324	60016	17660
576	21982	60588	17430
577	21640	60536	17824
578	21272	59961	18767
579	20939	58814	20247
580	20568	57254	22178
581	20254	55146	24600
582	19952	52839	27209
583	19657	50395	29948
584	19387	47787	32826
585	19188	45212	35600
586	18991	42546	38463
587	18799	39968	41233
588	18598	37412	43990
589	18478	34953	46569
590	18351	32633	49016
591	18218	30335	51447
592	18145	28104	53751
593	18026	25927	56047
594	17909	23856	58235
595	17807	21905	60288
596	17747	19972	62281
597	17692	18120	64188
598	17651	16410	65939
599	17571	14834	67595
600	17546	13327	69127
601	17514	11984	70502
602	17469	10732	71799
603	17417	9688	72895
604	17383	8737	73880
605	17410	7879	74711
606	17472	7128	75400
607	17604	6494	75902
608	17771	6028	76201
609	17946	5740	76314
610	18277	5606	76117
611	18767	5721	75512
612	19253	6089	74658
613	20000	6714	73286
614	20842	7704	71454
615	21831	9012	69157
616	22648	10828	66524
617	23423	13065	63512
618	24123	15496	60381
619	24562	18258	57180
620	24881	21243	53876
621	24961	24353	50686
622	25006	27552	47442
623	24982	30692	44326
624	25022	33681	41297
625	24805	36733	38462
626	24559	39666	35775
627	24373	42484	33143
628	24136	45198	30666
629	23936	47737	28327
630	23709	50098	26193
631	23426	52219	24355
632	23131	54215	22654
633	22977	55806	21217
634	22739	57102	20159
635	22450	58086	19464
636	22198	58605	19197
637	21896	58749	19355
638	21594	58308	20098
639	21292	57277	21431
640	20928	56034	23038
641	20621	54336	25043
642	20380	52288	27332
643	20070	50103	29827
644	19820	47732	32448
645	19641	45309	35050
646	19472	42962	37566
647	19304	40454	40242
648	19151	38041	42808
649	18985	35723	45292
650	18833	33407	47760
651	18694	31169	50137
652	18595	28970	52435
653	18459	26872	54669
654	18339	24764	56897
655	18199	22898	58903
656	18097	21052	60851
657	18056	19228	62716
658	17954	17571	64475
659	17889	15991	66120
660	17820	14506	67674
661	17796	13184	69020
662	17728	11937	70335
663	17686	10814	71500
664	17680	9828	72492
665	17683	8881	73436
666	17725	8123	74152
667	17881	7500	74619
668	18001	7077	74922
669	18232	6793	74975
670	18518	6722	74760
671	18850	6849	74301
672	19331	7206	73463
673	19887	7819	72294
674	20689	8734	70577
675	21554	9970	68476
676	22235	11600	66165
677	22978	13479	63543
678	23499	15841	60660
679	23995	18414	57591
680	24198	21308	54494
681	24421	24160	51419
682	24442	27059	48499
683	24588	29941	45471
684	24541	32853	42606
685	24352	35818	39830
686	24227	38651	37122
687	24014	41406	34580
688	23803	44020	32177
689	23624	46476	29900
690	23509	48707	27784
691	23274	50764	25962
692	23083	52537	24380
693	22918	54018	23064
694	22682	55254	22064
695	22365	56271	21364
696	22175	56822	21003
697	21833	56998	21169
698	21557	56712	21731
699	21261	56053	22686
700	20958	54829	24213
701	20758	53340	25902
702	20509	51421	28070
703	20226	49504	30270
704	20012	47392	32596
705	19797	45245	34958
706	19618	42964	37418
707	19519	40556	39925
708	19373	38261	42366
709	19213	35970	44817
710	19057	33716	47227
711	18963	31533	49504
712	18837	29436	51727
713	18790	27382	53828
714	18723	25412	55865
715	18585	23561	57854
716	18530	21723	59747
717	18441	19915	61644
718	18378	18303	63319
719	18311	16706	64983
720	18273	15221	66506
721	18243	13832	67925
722	18200	12586	69214
723	18189	11450	70361
724	18178	10454	71368
725	18193	9533	72274
726	18290	8799	72911
727	18336	8254	73410
728	18511	7829	73660
729	18795	7573	73632
730	19049	7530	73421
731	19322	7710	72968
732	19656	8135	72209
733	20243	8690	71067
734	20897	9540	69563
735	21512	10757	67731
736	22311	12253	65436
737	22868	14131	63001
738	23463	16375	60162
739	23857	18744	57399
740	24220	21217	54563
741	24314	23938	51748
742	24465	26661	48874
743	24499	29562	45939
744	24418	32433	43149
745	24288	35307	40405
746	24125	38073	37802
747	24002	40667	35331
748	23823	43174	33003
749	23693	45407	30900
750	23572	47476	28952
751	23461	49352	27187
752	23239	51064	25697
753	23062	52531	24407
754	22794	53684	23522
755	22557	54684	22759
756	22281	55328	22391
757	22039	55526	22435
758	21750	55390	22860
759	21486	54722	23792
760	21193	53691	25116
761	20959	52402	26639
762	20681	50931	28388
763	20429	49130	30441
764	20217	47212	32571
765	19958	45097	34945
766	19792	42887	37321
767	19623	40635	39742
768	19489	38352	42159
769	19399	36136	44465
770	19290	33969	46741
771	19144	31931	48925
772	18985	29999	51016
773	18891	28131	52978
774	18746	26216	55038
775	18641	24336	57023
776	18549	22548	58903
777	18472	20791	60737
778	18389	19113	62498
779	18302	17569	64129
780	18253	16083	65664
781	18209	14727	67064
782	18209	13438	68353
783	18190	12302	69508
784	18204	11276	70520
785	18274	10409	71317
786	18327	9719	71954
787	18411	9120	72469
788	18605	8717	72678
789	18892	8441	72667
790	19164	8460	72376
791	19364	8725	71911
792	19719	9111	71170
793	20163	9738	70099
794	20632	10606	68762
795	21309	11713	66978
796	21973	13148	64879
797	22549	14836	62615
798	22888	16878	60234
799	23277	19133	57590
800	23511	21539	54950
801	23863	24001	52136
802	23966	26720	49314
803	24109	29407	46484
804	24148	32134	43718
805	23965	34892	41143
806	23925	37453	38622
807	23773	39908	36319
808	23633	42170	34197
809	23454	44309	32237
810	23309	46360	30331
811	23180	48243	28577
812	23073	49775	27152
813	22878	51170	25952
814	22747	52300	24953
815	22422	53267	24311
816	22186	53836	23978
817	21941	54090	23969
818	21737	53927	24336
819	21498	53453	25049
820	21245	52574	26181
821	21038	51369	27593
822	20731	49992	29277
823	20533	48427	31040
824	20326	46527	33147
825	20132	44612	35256
826	19941	42559	37500
827	19684	40417	39899
828	19567	38327	42106
829	19408	36296	44296
830	19313	34319	46368
831	19217	32368	48415
832	19102	30423	50475
833	18998	28518	52484
834	18905	26716	54379
835	18812	24857	56331
836	18727	23133	58140
837	18682	21309	60009
838	18617	19652	61731
839	18563	18105	63332
840	18499	16676	64825
841	18480	15320	66200
842	18477	14044	67479
843	18506	12941	68553
844	18556	11894	69550
845	18589	11064	70347
846	18637	10406	70957
847	18720	9853	71427
848	18979	9422	71599
849	19188	9221	71591
850	19394	9284	71322
851	19769	9377	70854
852	20141	9778	70081
853	20460	10470	69070
854	20888	11362	67750
855	21433	12401	66166
856	22031	13752	64217
857	22496	15449	62055
858	22885	17381	59734
859	23120	19563	57317
860	23542	21795	54663
861	23774	24196	52030
862	23861	26772	49367
863	24099	29273	46628
864	24000	31930	44070
865	23981	34433	41586
866	23776	36950	39274
867	23615	39283	37102
868	23485	41512	35003
869	23348	43615	33037
870	23150	45604	31246
871	23047	47311	29642
872	22861	48833	28306
873	22840	50196	26964
874	22688	51289	26023
875	22468	52082	25450
876	22213	52602	25185
877	21963	52923	25114
878	21805	52800	25395
879	21540	52325	26135
880	21340	51537	27123
881	21094	50453	28453
882	20825	49244	29931
883	20644	47742	31614
884	20363	46057	33580
885	20182	44334	35484
886	19943	42384	37673
887	19840	40437	39723
888	19656	38439	41905
889	19525	36458	44017
890	19419	34489	46092
891	19301	32565	48134
892	19158	30708	50134
893	19018	28886	52096
894	18934	27060	54006
895	18821	25328	55851
896	18717	23623	57660
897	18663	21910	59427
898	18585	20304	61111
899	18524	18759	62717
900	18472	17377	64151
901	18439	16042	65519
902	18444	14790	66766
903	18454	13704	67842
904	18462	12769	68769
905	18510	11987	69503
906	18540	11245	70215
907	18747	10656	70597
908	18956	10271	70773
909	19027	10190	70783
910	19274	10160	70566
911	19655	10340	70005
912	20010	10771	69219
913	20256	11446	68298
914	20656	12254	67090
915	21214	13253	65533
916	21708	14607	63685
917	22163	16221	61616
918	22452	18060	59488
919	22857	20002	57141
920	23234	22123	54643
921	23408	24389	52203
922	23678	26724	49598
923	23762	29110	47128
924	23841	31553	44606
925	23793	33944	42263
926	23828	36146	40026
927	23737	38388	37875
928	23569	40575	35856
929	23455	42603	33942
930	23291	44498	32211
931	23069	46154	30777
932	22868	47695	29437
933	22736	49001	28263
934	22642	49970	27388
935	22605	50574	26821
936	22317	51139	26544
937	22130	51409	26461
938	21933	51312	26755
939	21752	50864	27384
940	21631	50065	28304
941	21366	49233	29401
942	21264	48027	30709
943	21100	46642	32258
944	20876	45186	33938
945	20577	43622	35801
946	20431	41849	37720
947	20249	40002	39749
948	20048	38269	41683
949	19923	36379	43698
950	19814	34463	45723
951	19695	32646	47659
952	19536	30815	49649
953	19460	28937	51603
954	19337	27154	53509
955	19231	25415	55354
956	19198	23748	57054
957	19165	22199	58636
958	19067	20627	60306
959	19007	19165	61828
960	18933	17790	63277
961	18920	16536	64544
962	18988	15412	65600
963	18999	14354	66647
964	19005	13504	67491
965	18998	12758	68244
966	19082	12065	68853
967	19265	11502	69233
968	19367	11224	69409
969	19484	11105	69411
970	19807	11012	69181
971	20148	11221	68631
972	20443	11625	67932
973	20698	12250	67052
974	21077	13066	65857
975	21553	14128	64319
976	21972	15425	62603
977	22249	16984	60767
978	22593	18728	58679
979	22775	20779	56446
980	22908	22883	54209
981	23153	24964	51883
982	23357	27129	49514
983	23436	29428	47136
984	23444	31690	44866
985	23475	33912	42613
986	23515	36065	40420
987	23458	38143	38399
988	23497	40083	36420
989	23425	41994	34581
990	23423	43639	32938
991	23301	45184	31515
992	23133	46644	30223
993	22813	47909	29278
994	22840	48742	28418
995	22674	49433	27893
996	22527	49862	27611
997	22329	50088	27583
998	22051	49986	27963
999	21879	49603	28518
1000	21649	48971	29380
1001	21433	47984	30583
1002	21262	46832	31906
1003	21176	45599	33225
1004	20984	44222	34794
1005	20788	42650	36562
1006	20648	41065	38287
1007	20462	39392	40146
1008	20299	37679	42022
1009	20157	35947	43896
1010	20029	34283	45688
1011	19843	32519	47638
1012	19762	30815	49423
1013	19638	29078	51284
1014	19484	27397	53119
1015	19337	25675	54988
1016	19283	24184	56533
1017	19221	22618	58161
1018	19148	21169	59683
1019	19084	19781	61135
1020	19034	18429	62537
1021	19042	17191	63767
1022	19033	16120	64847
1023	19051	15140	65809
1024	19073	14254	66673
1025	19145	13533	67322
1026	19266	12942	67792
1027	19444	12449	68107
1028	19497	12163	68340
1029	19624	12059	68317
1030	19875	12049	68076
1031	20196	12211	67593
1032	20477	12618	66905
1033	20712	13259	66029
1034	21113	14074	64813
1035	21540	15082	63378
1036	21838	16374	61788
1037	22284	17832	59884
1038	22629	19537	57834
1039	22770	21415	55815
1040	22884	23393	53723
1041	23095	25417	51488
1042	23231	27493	49276
1043	23335	29619	47046
1044	23323	31775	44902
1045	23422	33772	42806
1046	23381	35775	40844
1047	23366	37773	38861
1048	23215	39690	37095
1049	23179	41449	35372
1050	23065	43076	33859
1051	22976	44557	32467
1052	22639	45978	31383
1053	22500	47129	30371
1054	22278	48061	29661
1055	22075	48725	29200
1056	21969	49130	28901
1057	21816	49327	28857
1058	21611	49198	29191
1059	21394	48874	29732
1060	21260	48201	30539
1061	21018	47351	31631
1062	20838	46268	32894
1063	20648	45097	34255
1064	20500	43796	35704
1065	20312	42415	37273
1066	20196	40806	38998
1067	20066	39303	40631
1068	19946	37718	42336
1069	19896	35989	44115
1070	19791	34239	45970
1071	19632	32625	47743
1072	19510	30952	49538
1073	19416	29235	51349
1074	19348	27475	53177
1075	19297	25821	54882
1076	19238	24209	56553
1077	19209	22647	58144
1078	19091	21307	59602
1079	19066	19941	60993
1080	19057	18674	62269
1081	19035	17499	63466
1082	19030	16484	64486
1083	19016	15535	65449
1084	19062	14718	66220
1085	19084	14013	66903
1086	19234	13429	67337
1087	19385	12986	67629
1088	19501	12744	67755
1089	19598	12679	67723
1090	19853	12711	67436
1091	20140	13015	66845
1092	20398	13467	66135
1093	20649	14065	65286
1094	21026	14858	64116
1095	21320	15928	62752
1096	21684	17201	61115
1097	22043	18669	59288
1098	22304	20327	57369
1099	22519	22107	55374
1100	22638	23946	53416
1101	22830	25855	51315
1102	22980	27852	49168
1103	22964	29843	47193
1104	23020	31785	45195
1105	23110	33679	43211
1106	23235	35517	41248
1107	23146	37387	39467
1108	23137	39173	37690
1109	23155	40787	36058
1110	23067	42412	34521
1111	22984	43743	33273
1112	22877	45037	32086
1113	22789	46076	31135
1114	22592	46936	30472
1115	22416	47560	30024
1116	22253	47971	29776
1117	22089	48105	29806
1118	21906	47979	30115
1119	21756	47638	30606
1120	21540	47032	31428
1121	21342	46274	32384
1122	21161	45273	33566
1123	21076	44169	34755
1124	20864	42922	36214
1125	20722	41545	37733
1126	20603	40135	39262
1127	20395	38704	40901
1128	20242	37232	42526
1129	20205	35566	44229
1130	20078	34011	45911
1131	19947	32443	47610
1132	19799	30743	49458
1133	19676	29129	51195
1134	19591	27495	52914
1135	19498	25938	54564
1136	19515	24384	56101
1137	19457	22900	57643
1138	19436	21491	59073
1139	19371	20217	60412
1140	19319	19071	61610
1141	19252	18039	62709
1142	19228	17030	63742
1143	19236	16119	64645
1144	19212	15378	65410
1145	19282	14780	65938
1146	19368	14240	66392
1147	19508	13893	66599
1148	19623	13691	66686
1149	19792	13618	66590
1150	19972	13737	66291
1151	20230	14040	65730
1152	20466	14470	65064
1153	20775	15100	64125
1154	21079	15921	63000
1155	21348	16997	61655
1156	21684	18234	60082
1157	21989	19616	58395
1158	22222	21239	56539
1159	22365	22947	54688
1160	22585	24703	52712
1161	22714	26500	50786
1162	22811	28293	48896
1163	22794	30137	47069
1164	22736	32009	45255
1165	22843	33780	43377
1166	22845	35540	41615
1167	22774	37295	39931
1168	22955	38825	38220
1169	22933	40318	36749
1170	22939	41721	35340
1171	22806	43062	34132
1172	22658	44250	33092
1173	22589	45201	32210
1174	22469	45968	31563
1175	22335	46545	31120
1176	22182	46876	30942
1177	22013	46973	31014
1178	21875	46841	31284
1179	21753	46510	31737
1180	21621	45874	32505
1181	21407	45127	33466
1182	21237	44270	34493
1183	21082	43177	35741
1184	20917	42029	37054
1185	20823	40675	38502
1186	20684	39284	40032
1187	20505	37904	41591
1188	20413	36443	43144
1189	20376	34841	44783
1190	20278	33420	46302
1191	20154	31908	47938
1192	20061	30373	49566
1193	19923	28821	51256
1194	19788	27254	52958
1195	19716	25773	54511
1196	19636	24324	56040
1197	19666	22886	57448
1198	19712	21541	58747
1199	19751	20301	59948
1200	19716	19189	61095
1201	19664	18208	62128
1202	19703	17296	63001
1203	19685	16502	63813
1204	19667	15810	64523
1205	19713	15262	65025
1206	19784	14824	65392
1207	19879	14562	65559
1208	20018	14403	65579
1209	20111	14434	65455
1210	20273	14610	65117
1211	20494	14982	64524
1212	20694	15505	63801
1213	20940	16211	62849
1214	21270	17025	61705
1215	21506	18033	60461
1216	21705	19322	58973
1217	21903	20760	57337
1218	22062	22277	55661
1219	22301	23865	53834
1220	22427	25578	51995
1221	22569	27319	50112
1222	22672	29053	48275
1223	22669	30775	46556
1224	22708	32535	44757
1225	22816	34164	43020
1226	22735	35757	41508
1227	22739	37292	39969
1228	22696	38809	38495
1229	22740	40201	37059
1230	22717	41551	35732
1231	22605	42707	34688
1232	22513	43728	33759
1233	22397	44642	32961
1234	22268	45302	32430
1235	22132	45781	32087
1236	22019	46092	31889
1237	21898	46118	31984
1238	21716	45863	32421
1239	21589	45441	32970
1240	21478	44854	33668
1241	21353	44125	34522
1242	21185	43271	35544
1243	21040	42204	36756
1244	20890	41066	38044
1245	20685	39888	39427
1246	20612	38539	40849
1247	20449	37208	42343
1248	20296	35859	43845
1249	20173	34474	45353
1250	20034	33035	46931
1251	19988	31573	48439
1252	19936	30035	50029
1253	19851	28527	51622
1254	19752	27085	53163
1255	19663	25620	54717
1256	19577	24232	56191
1257	19599	22834	57567
1258	19597	21611	58792
1259	19620	20486	59894
1260	19608	19404	60988
1261	19607	18484	61909
1262	19659	17629	62712
1263	19715	16900	63385
1264	19782	16227	63991
1265	19844	15758	64398
1266	19958	15335	64707
1267	20127	14992	64881
1268	20270	14952	64778
1269	20422	15009	64569
1270	20677	15124	64199
1271	20871	15513	63616
1272	20953	16106	62941
1273	21251	16770	61979
1274	21655	17603	60742
1275	21774	18837	59389
1276	22012	20017	57971
1277	22200	21328	56472
1278	22403	22752	54845
1279	22520	24398	53082
1280	22666	25984	51350
1281	22723	27672	49605
1282	22858	29285	47857
1283	22896	30875	46229
1284	22906	32510	44584
1285	22899	34108	42993
1286	22880	35711	41409
1287	22830	37215	39955
1288	22817	38692	38491
1289	22767	40067	37166
1290	22686	41312	36002
1291	22580	42484	34936
1292	22452	43527	34021
1293	22346	44306	33348
1294	22154	44891	32955
1295	22005	45364	32631
1296	21871	45647	32482
1297	21797	45418	32785
1298	21659	45207	33134
1299	21405	44920	33675
1300	21272	44402	34326
1301	21141	43583	35276
1302	21048	42684	36268
1303	21026	41585	37389
1304	20803	40594	38603
1305	20659	39445	39896
1306	20559	38206	41235
1307	20444	36929	42627
1308	20356	35559	44085
1309	20189	34214	45597
1310	20029	32823	47148
1311	19919	31375	48706
1312	19882	29889	50229
1313	19794	28406	51800
1314	19710	26974	53316
1315	19598	25582	54820
1316	19597	24168	56235
1317	19564	22927	57509
1318	19506	21769	58725
1319	19499	20782	59719
1320	19454	19834	60712
1321	19461	18844	61695
1322	19451	18048	62501
1323	19497	17402	63101
1324	19463	16920	63617
1325	19448	16570	63982
1326	19565	16190	64245
1327	19652	16016	64332
1328	19741	15942	64317
1329	19933	16024	64043
1330	20261	16201	63538
1331	20310	16649	63041
1332	20426	17206	62368
1333	20879	17877	61244
1334	21125	18774	60101
1335	21250	19872	58878
1336	21432	21030	57538
1337	21660	22336	56004
1338	21844	23737	54419
1339	22117	25119	52764
1340	22219	26572	51209
1341	22255	28119	49626
1342	22412	29552	48036
1343	22465	31104	46431
1344	22546	32616	44838
1345	22560	34152	43288
1346	22547	35608	41845
1347	22469	37046	40485
1348	22445	38432	39123
1349	22497	39639	37864
1350	22517	40751	36732
1351	22476	41763	35761
1352	22453	42699	34848
1353	22371	43303	34326
1354	22282	43791	33927
1355	22091	44206	33703
1356	22000	44332	33668
1357	21944	44226	33830
1358	21792	44042	34166
1359	21524	43719	34757
1360	21326	43202	35472
1361	21204	42498	36298
1362	21157	41656	37187
1363	20954	40746	38300
1364	20782	39836	39382
1365	20651	38743	40606
1366	20553	37552	41895
1367	20451	36323	43226
1368	20366	35004	44630
1369	20182	33662	46156
1370	20070	32264	47666
1371	20020	30883	49097
1372	19976	29515	50509
1373	19946	28112	51942
1374	19831	26790	53379
1375	19803	25495	54702
1376	19786	24265	55949
1377	19792	23081	57127
1378	19812	22022	58166
1379	19768	21020	59212
1380	19748	20092	60160
1381	19722	19204	61074
1382	19783	18463	61754
1383	19850	17924	62226
1384	19869	17478	62653
1385	19917	17053	63030
1386	19976	16748	63276
1387	20055	16620	63325
1388	20130	16624	63246
1389	20389	16711	62900
1390	20592	16980	62428
1391	20685	17374	61941
1392	20970	17874	61156
1393	21249	18643	60108
1394	21382	19624	58994
1395	21535	20747	57718
1396	21678	21890	56432
1397	21775	23147	55078
1398	22032	24326	53642
1399	22244	25667	52089
1400	22254	27110	50636
1401	22301	28571	49128
1402	22427	29937	47636
1403	22503	31371	46126
1404	22654	32737	44609
1405	22747	34149	43104
1406	22819	35482	41699
1407	22797	36759	40444
1408	22744	37983	39273
1409	22657	39161	38182
1410	22623	40206	37171
1411	22509	41183	36308
1412	22349	42034	35617
1413	22277	42614	35109
1414	22190	43112	34698
1415	22109	43366	34525
1416	22077	43347	34576
1417	22038	43216	34746
1418	21900	42980	35120
1419	21622	42651	35727
1420	21475	42213	36312
1421	21423	41567	37010
1422	21336	40754	37910
1423	21197	39847	38956
1424	21074	38905	40021
1425	20946	37880	41174
1426	20842	36816	42342
1427	20813	35596	43591
1428	20653	34430	44917
1429	20513	33167	46320
1430	20351	31908	47741
1431	20207	30562	49231
1432	20139	29274	50587
1433	20061	27943	51996
1434	20023	26591	53386
1435	19922	25436	54642
1436	19887	24325	55788
1437	19873	23256	56871
1438	19851	22318	57831
1439	19876	21366	58758
1440	19846	20517	59637
1441	19881	19665	60454
1442	19894	19059	61047
1443	19938	18538	61524
1444	19946	18138	61916
1445	20012	17805	62183
1446	20085	17613	62302
1447	20202	17455	62343
1448	20351	17471	62178
1449	20518	17669	61813
1450	20576	17951	61473
1451	20769	18387	60844
1452	20995	18980	60025
1453	21274	19680	59046
1454	21565	20464	57971
1455	21705	21503	56792
1456	21772	22577	55651
1457	21960	23629	54411
1458	22175	24822	53003
1459	22308	26136	51556
1460	22289	27499	50212
1461	22373	28874	48753
1462	22287	30296	47417
1463	22368	31662	45970
1464	22367	33009	44624
1465	22415	34282	43303
1466	22441	35488	42071
1467	22510	36663	40827
1468	22471	37820	39709
1469	22442	38943	38615
1470	22389	39996	37615
1471	22266	40866	36868
1472	22181	41507	36312
1473	22087	42048	35865
1474	21970	42372	35658
1475	21909	42581	35510
1476	21811	42734	35455
1477	21797	42559	35644
1478	21572	42413	36015
1479	21401	42126	36473
1480	21213	41716	37071
1481	21148	41007	37845
1482	21020	40174	38806
1483	20959	39294	39747
1484	20834	38269	40897
1485	20697	37267	42036
1486	20677	36120	43203
1487	20647	34935	44418
1488	20601	33748	45651
1489	20509	32563	46928
1490	20451	31294	48255
1491	20364	30021	49615
1492	20324	28656	51020
1493	20337	27365	52298
1494	20257	26249	53494
1495	20169	25174	54657
1496	20149	24139	55712
1497	20124	23151	56725
1498	20172	22156	57672
1499	20146	21316	58538
1500	20133	20498	59369
1501	20105	19834	60061
1502	20183	19168	60649
1503	20150	18803	61047
1504	20161	18472	61367
1505	20178	18236	61586
1506	20293	18012	61695
1507	20391	17975	61634
1508	20527	18101	61372
1509	20599	18435	60966
1510	20801	18780	60419
1511	20973	19216	59811
1512	21072	19843	59085
1513	21313	20554	58133
1514	21404	21497	57099
1515	21516	22450	56034
1516	21688	23391	54921
1517	21910	24395	53695
1518	22183	25465	52352
1519	22340	26658	51002
1520	22497	27971	49532
1521	22500	29308	48192
1522	22602	30540	46858
1523	22618	31769	45613
1524	22583	33088	44329
1525	22560	34253	43187
1526	22539	35442	42019
1527	22654	36467	40879
1528	22691	37598	39711
1529	22757	38500	38743
1530	22583	39451	37966
1531	22473	40174	37353
1532	22325	40848	36827
1533	22188	41366	36446
1534	22092	41714	36194
1535	21937	41935	36128
1536	21911	41906	36183
1537	21796	41846	36358
1538	21756	41648	36596
1539	21569	41348	37083
1540	21330	41027	37643
1541	21201	40433	38366
1542	21083	39683	39234
1543	20988	38779	40233
1544	20858	37864	41278
1545	20657	36896	42447
1546	20569	35762	43669
1547	20592	34531	44877
1548	20494	33339	46167
1549	20449	32226	47325
1550	20329	31018	48653
1551	20208	29914	49878
1552	20166	28666	51168
1553	20177	27470	52353
1554	20166	26298	53536
1555	20142	25197	54661
1556	20070	24178	55752
1557	20052	23201	56747
1558	20104	22305	57591
1559	20185	21445	58370
1560	20183	20741	59076
1561	20307	20065	59628
1562	20365	19437	60198
1563	20415	19022	60563
1564	20382	18713	60905
1565	20452	18511	61037
1566	20474	18485	61041
1567	20630	18462	60908
1568	20650	18699	60651
1569	20723	19085	60192
1570	20815	19522	59663
1571	20981	20022	58997
1572	21117	20709	58174
1573	21193	21465	57342
1574	21341	22216	56443
1575	21422	23150	55428
1576	21536	24095	54369
1577	21731	25069	53200
1578	21924	26117	51959
1579	22080	27280	50640
1580	22157	28487	49356
1581	22230	29724	48046
1582	22363	30908	46729
1583	22395	32165	45440
1584	22412	33395	44193
1585	22341	34541	43118
1586	22428	35552	42020
1587	22417	36535	41048
1588	22609	37316	40075
1589	22563	38241	39196
1590	22476	39022	38502
1591	22418	39671	37911
1592	22347	40182	37471
1593	22286	40630	37084
1594	22095	40928	36977
1595	22017	41022	36961
1596	21886	41103	37011
1597	21804	40966	37230
1598	21774	40789	37437
1599	21629	40535	37836
1600	21502	40105	38393
1601	21300	39559	39141
1602	21169	38852	39979
1603	21077	38049	40874
1604	20917	37208	41875
1605	20646	36280	43074
1606	20589	35162	44249
1607	20471	34096	45433
1608	20371	33075	46554
1609	20365	31966	47669
1610	20308	30967	48725
1611	20206	29827	49967
1612	20099	28675	51226
1613	19999	27616	52385
1614	20009	26516	53475
1615	19995	25492	54513
1616	19901	24499	55600
1617	19878	23584	56538
1618	19869	22758	57373
1619	19825	22044	58131
1620	19830	21381	58789
1621	19846	20805	59349
1622	19921	20294	59785
1623	19984	19827	60189
1624	20150	19504	60346
1625	20222	19317	60461
1626	20440	19176	60384
1627	20565	19166	60269
1628	20738	19373	59889
1629	20789	19704	59507
1630	20972	20108	58920
1631	21116	20714	58170
1632	21132	21392	57476
1633	21279	22077	56644
1634	21343	22851	55806
1635	21487	23581	54932
1636	21605	24521	53874
1637	21751	25524	52725
1638	21919	26469	51612
1639	22033	27569	50398
1640	22073	28704	49223
1641	22168	29822	48010
1642	22309	30916	46775
1643	22349	32038	45613
1644	22383	33090	44527
1645	22305	34214	43481
1646	22195	35271	42534
1647	22294	36169	41537
1648	22339	37123	40538
1649	22265	37971	39764
1650	22223	38697	39080
1651	22231	39188	38581
1652	22259	39641	38100
1653	22187	39951	37862
1654	22092	40143	37765
1655	22074	40171	37755
1656	21957	40175	37868
1657	21919	40103	37978
1658	21810	39900	38290
1659	21794	39516	38690
1660	21705	39066	39229
1661	21601	38481	39918
1662	21485	37796	40719
1663	21362	37086	41552
1664	21141	36330	42529
1665	21030	35415	43555
1666	20947	34511	44542
1667	20815	33456	45729
1668	20692	32470	46838
1669	20638	31483	47879
1670	20568	30446	48986
1671	20497	29384	50119
1672	20351	28388	51261
1673	20255	27468	52277
1674	20216	26542	53242
1675	20137	25634	54229
1676	20143	24707	55150
1677	20145	23973	55882
1678	20140	23198	56662
1679	20132	22592	57276
1680	20105	21999	57896
1681	20134	21487	58379
1682	20130	21079	58791
1683	20167	20751	59082
1684	20222	20439	59339
1685	20372	20156	59472
1686	20449	20065	59486
1687	20541	20193	59266
1688	20684	20371	58945
1689	20840	20689	58471
1690	21048	21036	57916
1691	21158	21557	57285
1692	21262	22157	56581
1693	21253	22825	55922
1694	21389	23483	55128
1695	21557	24222	54221
1696	21672	25013	53315
1697	21783	25923	52294
1698	21943	26904	51153
1699	22061	27906	50033
1700	22096	28960	48944
1701	22138	30032	47830
1702	22166	31029	46805
1703	22348	32000	45652
1704	22336	33065	44599
1705	22199	34137	43664
1706	22200	35145	42655
1707	22265	36078	41657
1708	22278	36868	40854
1709	22121	37608	40271
1710	22111	38214	39675
1711	22070	38721	39209
1712	22054	39137	38809
1713	21927	39402	38671
1714	21915	39522	38563
1715	21832	39524	38644
1716	21675	39614	38711
1717	21504	39569	38927
1718	21369	39369	39262
1719	21216	39048	39736
1720	21130	38609	40261
1721	21211	37936	40853
1722	21176	37250	41574
1723	21009	36544	42447
1724	20921	35756	43323
1725	20884	34920	44196
1726	20811	33995	45194
1727	20729	32953	46318
1728	20641	32005	47354
1729	20573	31076	48351
1730	20552	30114	49334
1731	20485	29104	50411
1732	20398	28255	51347
1733	20322	27382	52296
1734	20237	26524	53239
1735	20224	25676	54100
1736	20164	24949	54887
1737	20151	24273	55576
1738	20189	23485	56326
1739	20140	22851	57009
1740	20162	22286	57552
1741	20145	21822	58033
1742	20055	21514	58431
1743	20035	21332	58633
1744	20135	21106	58759
1745	20274	20928	58798
1746	20386	20906	58708
1747	20475	21098	58427
1748	20554	21293	58153
1749	20715	21571	57714
1750	20855	21943	57202
1751	20973	22425	56602
1752	21090	22945	55965
1753	21080	23627	55293
1754	21131	24280	54589
1755	21353	24892	53755
1756	21519	25622	52859
1757	21623	26507	51870
1758	21730	27394	50876
1759	21936	28247	49817
1760	21906	29312	48782
1761	21948	30192	47860
1762	22020	31207	46773
1763	22166	32116	45718
1764	22241	32959	44800
1765	22202	33911	43887
1766	22157	34846	42997
1767	22235	35647	42118
1768	22158	36442	41400
1769	22134	37062	40804
1770	22085	37606	40309
1771	21998	38119	39883
1772	21911	38466	39623
1773	21822	38675	39503
1774	21874	38830	39296
1775	21842	38807	39351
1776	21816	38684	39500
1777	21791	38610	39599
1778	21679	38449	39872
1779	21446	38113	40441
1780	21366	37614	41020
1781	21352	37128	41520
1782	21243	36419	42338
1783	21050	35818	43132
1784	21013	35002	43985
1785	20896	34223	44881
1786	20845	33401	45754
1787	20855	32423	46722
1788	20774	31497	47729
1789	20659	30680	48661
1790	20649	29764	49587
1791	20627	28889	50484
1792	20607	28002	51391
1793	20565	27109	52326
1794	20578	26282	53140
1795	20570	25525	53905
1796	20530	24829	54641
1797	20559	24134	55307
1798	20519	23583	55898
1799	20591	23022	56387
1800	20621	22572	56807
1801	20608	22170	57222
1802	20511	21961	57528
1803	20548	21732	57720
1804	20543	21606	57851
1805	20625	21523	57852
1806	20698	21608	57694
1807	20665	21802	57533
1808	20721	22067	57212
1809	20871	22409	56720
1810	20917	22802	56281
1811	21080	23206	55714
1812	21255	23674	55071
1813	21307	24212	54481
1814	21361	24868	53771
1815	21508	25564	52928
1816	21604	26368	52028
1817	21564	27253	51183
1818	21783	28059	50158
1819	21876	28875	49249
1820	22011	29715	48274
1821	22003	30704	47293
1822	22047	31533	46420
1823	22078	32441	45481
1824	22089	33268	44643
1825	22159	34036	43805
1826	22160	34825	43015
1827	22138	35549	42313
1828	22130	36174	41696
1829	22138	36646	41216
1830	22130	37057	40813
1831	22097	37449	40454
1832	22007	37740	40253
1833	21945	37942	40113
1834	21826	38113	40061
1835	21761	38156	40083
1836	21663	38147	40190
1837	21582	38039	40379
1838	21472	37746	40782
1839	21387	37305	41308
1840	21291	36911	41798
1841	21244	36450	42306
1842	21135	35878	42987
1843	21074	35152	43774
1844	21016	34432	44552
1845	20845	33656	45499
1846	20721	32865	46414
1847	20732	32107	47161
1848	20655	31269	48076
1849	20573	30454	48973
1850	20491	29641	49868
1851	20427	28820	50753
1852	20350	28062	51588
1853	20288	27334	52378
1854	20287	26549	53164
1855	20270	25809	53921
1856	20286	25123	54591
1857	20200	24583	55217
1858	20240	23995	55765
1859	20205	23547	56248
1860	20267	23166	56567
1861	20283	22836	56881
1862	20333	22564	57103
1863	20426	22341	57233
1864	20496	22247	57257
1865	20607	22269	57124
1866	20651	22432	56917
1867	20704	22550	56746
1868	20805	22718	56477
1869	20903	23035	56062
1870	20959	23370	55671
1871	21091	23694	55215
1872	21219	24140	54641
1873	21315	24676	54009
1874	21439	25279	53282
1875	21579	25962	52459
1876	21591	26755	51654
1877	21596	27549	50855
1878	21695	28306	49999
1879	21904	29000	49096
1880	21948	29825	48227
1881	21991	30655	47354
1882	22065	31470	46465
1883	22053	32266	45681
1884	22101	33057	44842
1885	22055	33920	44025
1886	22001	34669	43330
1887	21972	35281	42747
1888	21900	35808	42292
1889	21865	36288	41847
1890	21809	36736	41455
1891	21779	37066	41155
1892	21811	37261	40928
1893	21773	37474	40753
1894	21761	37605	40634
1895	21695	37659	40646
1896	21644	37541	40815
1897	21549	37335	41116
1898	21478	37024	41498
1899	21436	36610	41954
1900	21339	36234	42427
1901	21343	35713	42944
1902	21249	35131	43620
1903	21163	34484	44353
1904	21192	33738	45070
1905	21166	32994	45840
1906	21125	32245	46630
1907	21082	31427	47491
1908	20981	30661	48358
1909	20904	29888	49208
1910	20827	29135	50038
1911	20765	28434	50801
1912	20616	27742	51642
1913	20568	27020	52412
1914	20512	26422	53066
1915	20546	25810	53644
1916	20529	25227	54244
1917	20571	24671	54758
1918	20558	24252	55190
1919	20438	23947	55615
1920	20369	23673	55958
1921	20342	23435	56223
1922	20368	23218	56414
1923	20484	23128	56388
1924	20625	23056	56319
1925	20662	23051	56287
1926	20689	23221	56090
1927	20811	23390	55799
1928	20827	23668	55505
1929	20809	23967	55224
1930	20897	24224	54879
1931	21002	24578	54420
1932	21145	24961	53894
1933	21351	25376	53273
1934	21482	25889	52629
1935	21625	26492	51883
1936	21637	27181	51182
1937	21665	27881	50454
1938	21797	28557	49646
1939	21992	29234	48774
1940	22105	29923	47972
1941	22123	30581	47296
1942	22176	31250	46574
1943	22297	31965	45738
1944	22288	32749	44963
1945	22290	33475	44235
1946	22305	34128	43567
1947	22210	34740	43050
1948	22264	35161	42575
1949	22268	35609	42123
1950	22145	35943	41912
1951	22075	36208	41717
1952	22036	36466	41498
1953	21978	36683	41339
1954	21895	36791	41314
1955	21902	36784	41314
1956	21759	36747	41494
1957	21664	36571	41765
1958	21567	36304	42129
1959	21413	35965	42622
1960	21377	35551	43072
1961	21430	35046	43524
1962	21265	34578	44157
1963	21146	33971	44883
1964	21087	33334	45579
1965	21072	32652	46276
1966	21119	31830	47051
1967	21043	31135	47822
1968	21016	30424	48560
1969	20921	29723	49356
1970	20900	29106	49994
1971	20824	28464	50712
1972	20738	27829	51433
1973	20688	27197	52115
1974	20627	26636	52737
1975	20549	26100	53351
1976	20486	25661	53853
1977	20552	25297	54151
1978	20558	24874	54568
1979	20529	24570	54901
1980	20487	24298	55215
1981	20406	24135	55459
1982	20486	23947	55567
1983	20610	23871	55519
1984	20637	23849	55514
1985	20641	23895	55464
1986	20778	23977	55245
1987	20865	24174	54961
1988	20875	24468	54657
1989	20876	24745	54379
1990	20959	25018	54023
1991	20984	25313	53703
1992	21006	25783	53211
1993	21104	26212	52684
1994	21290	26629	52081
1995	21346	27223	51431
1996	21390	27794	50816
1997	21459	28324	50217
1998	21504	28905	49591
1999	21640	29493	48867
