0	21900	100	0
1	21900	100	0
2	1452	20548	0
3	10	21990	0
4	6	21994	0
5	5	21995	0
6	4	21996	0
7	4	21996	0
8	2	21998	0
9	2	21998	0
10	2	21998	0
11	2	21998	0
12	2	21998	0
13	2	21998	0
14	2	21998	0
15	1	21999	0
16	1	21999	0
17	1	21999	0
18	1	21999	0
19	1	21999	0
20	1	21999	0
21	1	21999	0
22	1	21999	0
23	1	21899	100
24	1	1451	20548
25	1	9	21990
26	1	5	21994
27	1	4	21995
28	1	3	21996
29	1	3	21996
30	1	1	21998
31	1	1	21998
32	1	1	21998
33	1	1	21998
34	1	1	21998
35	1	1	21998
36	1	1	21998
37	1	0	21999
38	1	0	21999
39	1	0	21999
40	1	0	21999
41	1	0	21999
42	1	0	21999
43	1	0	21999
44	1	0	21999
45	1	0	21999
46	1	0	21999
47	1	0	21999
48	1	0	21999
49	1	0	21999
50	1	0	21999
51	1	0	21999
52	1	0	21999
53	1	0	21999
54	1	0	21999
55	1	0	21999
56	1	0	21999
57	1	0	21999
58	1	0	21999
59	101	0	21899
60	20549	0	1451
61	21991	0	9
62	21995	0	5
63	21996	0	4
64	21997	0	3
65	21997	0	3
66	21999	0	1
67	21999	0	1
68	21999	0	1
69	21999	0	1
70	21999	0	1
71	21999	0	1
72	21999	0	1
73	22000	0	0
74	22000	0	0
75	22000	0	0
76	22000	0	0
77	22000	0	0
78	22000	0	0
79	22000	0	0
80	22000	0	0
81	22000	0	0
82	22000	0	0
83	22000	0	0
84	22000	0	0
85	22000	0	0
86	22000	0	0
87	22000	0	0
88	22000	0	0
89	22000	0	0
90	22000	0	0
91	22000	0	0
92	22000	0	0
93	22000	0	0
94	22000	0	0
95	22000	0	0
96	22000	0	0
97	22000	0	0
98	22000	0	0
99	22000	0	0
100	22000	0	0
101	22000	0	0
102	22000	0	0
103	22000	0	0
104	22000	0	0
105	22000	0	0
106	22000	0	0
107	22000	0	0
108	22000	0	0
109	22000	0	0
110	22000	0	0
111	22000	0	0
112	22000	0	0
113	22000	0	0
114	22000	0	0
115	22000	0	0
116	22000	0	0
117	22000	0	0
118	22000	0	0
119	22000	0	0
120	22000	0	0
121	22000	0	0
122	22000	0	0
123	22000	0	0
124	22000	0	0
125	22000	0	0
126	22000	0	0
127	22000	0	0
128	22000	0	0
129	22000	0	0
130	22000	0	0
131	22000	0	0
132	22000	0	0
133	22000	0	0
134	22000	0	0
135	22000	0	0
136	22000	0	0
137	22000	0	0
138	22000	0	0
139	22000	0	0
140	22000	0	0
141	22000	0	0
142	22000	0	0
143	22000	0	0
144	22000	0	0
145	22000	0	0
146	22000	0	0
147	22000	0	0
148	22000	0	0
149	22000	0	0
150	22000	0	0
151	22000	0	0
152	22000	0	0
153	22000	0	0
154	22000	0	0
155	22000	0	0
156	22000	0	0
157	22000	0	0
158	22000	0	0
159	22000	0	0
160	22000	0	0
161	22000	0	0
162	22000	0	0
163	22000	0	0
164	22000	0	0
165	22000	0	0
166	22000	0	0
167	22000	0	0
168	22000	0	0
169	22000	0	0
170	22000	0	0
171	22000	0	0
172	22000	0	0
173	22000	0	0
174	22000	0	0
175	22000	0	0
176	22000	0	0
177	22000	0	0
178	22000	0	0
179	22000	0	0
180	22000	0	0
181	22000	0	0
182	22000	0	0
183	22000	0	0
184	22000	0	0
185	22000	0	0
186	22000	0	0
187	22000	0	0
188	22000	0	0
189	22000	0	0
190	22000	0	0
191	22000	0	0
192	22000	0	0
193	22000	0	0
194	22000	0	0
195	22000	0	0
196	22000	0	0
197	22000	0	0
198	22000	0	0
199	22000	0	0
200	22000	0	0
201	22000	0	0
202	22000	0	0
203	22000	0	0
204	22000	0	0
205	22000	0	0
206	22000	0	0
207	22000	0	0
208	22000	0	0
209	22000	0	0
210	22000	0	0
211	22000	0	0
212	22000	0	0
213	22000	0	0
214	22000	0	0
215	22000	0	0
216	22000	0	0
217	22000	0	0
218	22000	0	0
219	22000	0	0
220	22000	0	0
221	22000	0	0
222	22000	0	0
223	22000	0	0
224	22000	0	0
225	22000	0	0
226	22000	0	0
227	22000	0	0
228	22000	0	0
229	22000	0	0
230	22000	0	0
231	22000	0	0
232	22000	0	0
233	22000	0	0
234	22000	0	0
235	22000	0	0
236	22000	0	0
237	22000	0	0
238	22000	0	0
239	22000	0	0
240	22000	0	0
241	22000	0	0
242	22000	0	0
243	22000	0	0
244	22000	0	0
245	22000	0	0
246	22000	0	0
247	22000	0	0
248	22000	0	0
249	22000	0	0
250	22000	0	0
251	22000	0	0
252	22000	0	0
253	22000	0	0
254	22000	0	0
255	22000	0	0
256	22000	0	0
257	22000	0	0
258	22000	0	0
259	22000	0	0
260	22000	0	0
261	22000	0	0
262	22000	0	0
263	22000	0	0
264	22000	0	0
265	22000	0	0
266	22000	0	0
267	22000	0	0
268	22000	0	0
269	22000	0	0
270	22000	0	0
271	22000	0	0
272	22000	0	0
273	22000	0	0
274	22000	0	0
275	22000	0	0
276	22000	0	0
277	22000	0	0
278	22000	0	0
279	22000	0	0
280	22000	0	0
281	22000	0	0
282	22000	0	0
283	22000	0	0
284	22000	0	0
285	22000	0	0
286	22000	0	0
287	22000	0	0
288	22000	0	0
289	22000	0	0
290	22000	0	0
291	22000	0	0
292	22000	0	0
293	22000	0	0
294	22000	0	0
295	22000	0	0
296	22000	0	0
297	22000	0	0
298	22000	0	0
299	22000	0	0
300	22000	0	0
301	22000	0	0
302	22000	0	0
303	22000	0	0
304	22000	0	0
305	22000	0	0
306	22000	0	0
307	22000	0	0
308	22000	0	0
309	22000	0	0
310	22000	0	0
311	22000	0	0
312	22000	0	0
313	22000	0	0
314	22000	0	0
315	22000	0	0
316	22000	0	0
317	22000	0	0
318	22000	0	0
319	22000	0	0
320	22000	0	0
321	22000	0	0
322	22000	0	0
323	22000	0	0
324	22000	0	0
325	22000	0	0
326	22000	0	0
327	22000	0	0
328	22000	0	0
329	22000	0	0
330	22000	0	0
331	22000	0	0
332	22000	0	0
333	22000	0	0
334	22000	0	0
335	22000	0	0
336	22000	0	0
337	22000	0	0
338	22000	0	0
339	22000	0	0
340	22000	0	0
341	22000	0	0
342	22000	0	0
343	22000	0	0
344	22000	0	0
345	22000	0	0
346	22000	0	0
347	22000	0	0
348	22000	0	0
349	22000	0	0
350	22000	0	0
351	22000	0	0
352	22000	0	0
353	22000	0	0
354	22000	0	0
355	22000	0	0
356	22000	0	0
357	22000	0	0
358	22000	0	0
359	22000	0	0
360	22000	0	0
361	22000	0	0
362	22000	0	0
363	22000	0	0
364	22000	0	0
365	22000	0	0
366	22000	0	0
367	22000	0	0
368	22000	0	0
369	22000	0	0
370	22000	0	0
371	22000	0	0
372	22000	0	0
373	22000	0	0
374	22000	0	0
375	22000	0	0
376	22000	0	0
377	22000	0	0
378	22000	0	0
379	22000	0	0
380	22000	0	0
381	22000	0	0
382	22000	0	0
383	22000	0	0
384	22000	0	0
385	22000	0	0
386	22000	0	0
387	22000	0	0
388	22000	0	0
389	22000	0	0
390	22000	0	0
391	22000	0	0
392	22000	0	0
393	22000	0	0
394	22000	0	0
395	22000	0	0
396	22000	0	0
397	22000	0	0
398	22000	0	0
399	22000	0	0
400	22000	0	0
401	22000	0	0
402	22000	0	0
403	22000	0	0
404	22000	0	0
405	22000	0	0
406	22000	0	0
407	22000	0	0
408	22000	0	0
409	22000	0	0
410	22000	0	0
411	22000	0	0
412	22000	0	0
413	22000	0	0
414	22000	0	0
415	22000	0	0
416	22000	0	0
417	22000	0	0
418	22000	0	0
419	22000	0	0
420	22000	0	0
421	22000	0	0
422	22000	0	0
423	22000	0	0
424	22000	0	0
425	22000	0	0
426	22000	0	0
427	22000	0	0
428	22000	0	0
429	22000	0	0
430	22000	0	0
431	22000	0	0
432	22000	0	0
433	22000	0	0
434	22000	0	0
435	22000	0	0
436	22000	0	0
437	22000	0	0
438	22000	0	0
439	22000	0	0
440	22000	0	0
441	22000	0	0
442	22000	0	0
443	22000	0	0
444	22000	0	0
445	22000	0	0
446	22000	0	0
447	22000	0	0
448	22000	0	0
449	22000	0	0
450	22000	0	0
451	22000	0	0
452	22000	0	0
453	22000	0	0
454	22000	0	0
455	22000	0	0
456	22000	0	0
457	22000	0	0
458	22000	0	0
459	22000	0	0
460	22000	0	0
461	22000	0	0
462	22000	0	0
463	22000	0	0
464	22000	0	0
465	22000	0	0
466	22000	0	0
467	22000	0	0
468	22000	0	0
469	22000	0	0
470	22000	0	0
471	22000	0	0
472	22000	0	0
473	22000	0	0
474	22000	0	0
475	22000	0	0
476	22000	0	0
477	22000	0	0
478	22000	0	0
479	22000	0	0
480	22000	0	0
481	22000	0	0
482	22000	0	0
483	22000	0	0
484	22000	0	0
485	22000	0	0
486	22000	0	0
487	22000	0	0
488	22000	0	0
489	22000	0	0
490	22000	0	0
491	22000	0	0
492	22000	0	0
493	22000	0	0
494	22000	0	0
495	22000	0	0
496	22000	0	0
497	22000	0	0
498	22000	0	0
499	22000	0	0
500	22000	0	0
501	22000	0	0
502	22000	0	0
503	22000	0	0
504	22000	0	0
505	22000	0	0
506	22000	0	0
507	22000	0	0
508	22000	0	0
509	22000	0	0
510	22000	0	0
511	22000	0	0
512	22000	0	0
513	22000	0	0
514	22000	0	0
515	22000	0	0
516	22000	0	0
517	22000	0	0
518	22000	0	0
519	22000	0	0
520	22000	0	0
521	22000	0	0
522	22000	0	0
523	22000	0	0
524	22000	0	0
525	22000	0	0
526	22000	0	0
527	22000	0	0
528	22000	0	0
529	22000	0	0
530	22000	0	0
531	22000	0	0
532	22000	0	0
533	22000	0	0
534	22000	0	0
535	22000	0	0
536	22000	0	0
537	22000	0	0
538	22000	0	0
539	22000	0	0
540	22000	0	0
541	22000	0	0
542	22000	0	0
543	22000	0	0
544	22000	0	0
545	22000	0	0
546	22000	0	0
547	22000	0	0
548	22000	0	0
549	22000	0	0
550	22000	0	0
551	22000	0	0
552	22000	0	0
553	22000	0	0
554	22000	0	0
555	22000	0	0
556	22000	0	0
557	22000	0	0
558	22000	0	0
559	22000	0	0
560	22000	0	0
561	22000	0	0
562	22000	0	0
563	22000	0	0
564	22000	0	0
565	22000	0	0
566	22000	0	0
567	22000	0	0
568	22000	0	0
569	22000	0	0
570	22000	0	0
571	22000	0	0
572	22000	0	0
573	22000	0	0
574	22000	0	0
575	22000	0	0
576	22000	0	0
577	22000	0	0
578	22000	0	0
579	22000	0	0
580	22000	0	0
581	22000	0	0
582	22000	0	0
583	22000	0	0
584	22000	0	0
585	22000	0	0
586	22000	0	0
587	22000	0	0
588	22000	0	0
589	22000	0	0
590	22000	0	0
591	22000	0	0
592	22000	0	0
593	22000	0	0
594	22000	0	0
595	22000	0	0
596	22000	0	0
597	22000	0	0
598	22000	0	0
599	22000	0	0
600	22000	0	0
601	22000	0	0
602	22000	0	0
603	22000	0	0
604	22000	0	0
605	22000	0	0
606	22000	0	0
607	22000	0	0
608	22000	0	0
609	22000	0	0
610	22000	0	0
611	22000	0	0
612	22000	0	0
613	22000	0	0
614	22000	0	0
615	22000	0	0
616	22000	0	0
617	22000	0	0
618	22000	0	0
619	22000	0	0
620	22000	0	0
621	22000	0	0
622	22000	0	0
623	22000	0	0
624	22000	0	0
625	22000	0	0
626	22000	0	0
627	22000	0	0
628	22000	0	0
629	22000	0	0
630	22000	0	0
631	22000	0	0
632	22000	0	0
633	22000	0	0
634	22000	0	0
635	22000	0	0
636	22000	0	0
637	22000	0	0
638	22000	0	0
639	22000	0	0
640	22000	0	0
641	22000	0	0
642	22000	0	0
643	22000	0	0
644	22000	0	0
645	22000	0	0
646	22000	0	0
647	22000	0	0
648	22000	0	0
649	22000	0	0
650	22000	0	0
651	22000	0	0
652	22000	0	0
653	22000	0	0
654	22000	0	0
655	22000	0	0
656	22000	0	0
657	22000	0	0
658	22000	0	0
659	22000	0	0
660	22000	0	0
661	22000	0	0
662	22000	0	0
663	22000	0	0
664	22000	0	0
665	22000	0	0
666	22000	0	0
667	22000	0	0
668	22000	0	0
669	22000	0	0
670	22000	0	0
671	22000	0	0
672	22000	0	0
673	22000	0	0
674	22000	0	0
675	22000	0	0
676	22000	0	0
677	22000	0	0
678	22000	0	0
679	22000	0	0
680	22000	0	0
681	22000	0	0
682	22000	0	0
683	22000	0	0
684	22000	0	0
685	22000	0	0
686	22000	0	0
687	22000	0	0
688	22000	0	0
689	22000	0	0
690	22000	0	0
691	22000	0	0
692	22000	0	0
693	22000	0	0
694	22000	0	0
695	22000	0	0
696	22000	0	0
697	22000	0	0
698	22000	0	0
699	22000	0	0
700	22000	0	0
701	22000	0	0
702	22000	0	0
703	22000	0	0
704	22000	0	0
705	22000	0	0
706	22000	0	0
707	22000	0	0
708	22000	0	0
709	22000	0	0
710	22000	0	0
711	22000	0	0
712	22000	0	0
713	22000	0	0
714	22000	0	0
715	22000	0	0
716	22000	0	0
717	22000	0	0
718	22000	0	0
719	22000	0	0
720	22000	0	0
721	22000	0	0
722	22000	0	0
723	22000	0	0
724	22000	0	0
725	22000	0	0
726	22000	0	0
727	22000	0	0
728	22000	0	0
729	22000	0	0
730	22000	0	0
731	22000	0	0
732	22000	0	0
733	22000	0	0
734	22000	0	0
735	22000	0	0
736	22000	0	0
737	22000	0	0
738	22000	0	0
739	22000	0	0
740	22000	0	0
741	22000	0	0
742	22000	0	0
743	22000	0	0
744	22000	0	0
745	22000	0	0
746	22000	0	0
747	22000	0	0
748	22000	0	0
749	22000	0	0
750	22000	0	0
751	22000	0	0
752	22000	0	0
753	22000	0	0
754	22000	0	0
755	22000	0	0
756	22000	0	0
757	22000	0	0
758	22000	0	0
759	22000	0	0
760	22000	0	0
761	22000	0	0
762	22000	0	0
763	22000	0	0
764	22000	0	0
765	22000	0	0
766	22000	0	0
767	22000	0	0
768	22000	0	0
769	22000	0	0
770	22000	0	0
771	22000	0	0
772	22000	0	0
773	22000	0	0
774	22000	0	0
775	22000	0	0
776	22000	0	0
777	22000	0	0
778	22000	0	0
779	22000	0	0
780	22000	0	0
781	22000	0	0
782	22000	0	0
783	22000	0	0
784	22000	0	0
785	22000	0	0
786	22000	0	0
787	22000	0	0
788	22000	0	0
789	22000	0	0
790	22000	0	0
791	22000	0	0
792	22000	0	0
793	22000	0	0
794	22000	0	0
795	22000	0	0
796	22000	0	0
797	22000	0	0
798	22000	0	0
799	22000	0	0
800	22000	0	0
801	22000	0	0
802	22000	0	0
803	22000	0	0
804	22000	0	0
805	22000	0	0
806	22000	0	0
807	22000	0	0
808	22000	0	0
809	22000	0	0
810	22000	0	0
811	22000	0	0
812	22000	0	0
813	22000	0	0
814	22000	0	0
815	22000	0	0
816	22000	0	0
817	22000	0	0
818	22000	0	0
819	22000	0	0
820	22000	0	0
821	22000	0	0
822	22000	0	0
823	22000	0	0
824	22000	0	0
825	22000	0	0
826	22000	0	0
827	22000	0	0
828	22000	0	0
829	22000	0	0
830	22000	0	0
831	22000	0	0
832	22000	0	0
833	22000	0	0
834	22000	0	0
835	22000	0	0
836	22000	0	0
837	22000	0	0
838	22000	0	0
839	22000	0	0
840	22000	0	0
841	22000	0	0
842	22000	0	0
843	22000	0	0
844	22000	0	0
845	22000	0	0
846	22000	0	0
847	22000	0	0
848	22000	0	0
849	22000	0	0
850	22000	0	0
851	22000	0	0
852	22000	0	0
853	22000	0	0
854	22000	0	0
855	22000	0	0
856	22000	0	0
857	22000	0	0
858	22000	0	0
859	22000	0	0
860	22000	0	0
861	22000	0	0
862	22000	0	0
863	22000	0	0
864	22000	0	0
865	22000	0	0
866	22000	0	0
867	22000	0	0
868	22000	0	0
869	22000	0	0
870	22000	0	0
871	22000	0	0
872	22000	0	0
873	22000	0	0
874	22000	0	0
875	22000	0	0
876	22000	0	0
877	22000	0	0
878	22000	0	0
879	22000	0	0
880	22000	0	0
881	22000	0	0
882	22000	0	0
883	22000	0	0
884	22000	0	0
885	22000	0	0
886	22000	0	0
887	22000	0	0
888	22000	0	0
889	22000	0	0
890	22000	0	0
891	22000	0	0
892	22000	0	0
893	22000	0	0
894	22000	0	0
895	22000	0	0
896	22000	0	0
897	22000	0	0
898	22000	0	0
899	22000	0	0
900	22000	0	0
901	22000	0	0
902	22000	0	0
903	22000	0	0
904	22000	0	0
905	22000	0	0
906	22000	0	0
907	22000	0	0
908	22000	0	0
909	22000	0	0
910	22000	0	0
911	22000	0	0
912	22000	0	0
913	22000	0	0
914	22000	0	0
915	22000	0	0
916	22000	0	0
917	22000	0	0
918	22000	0	0
919	22000	0	0
920	22000	0	0
921	22000	0	0
922	22000	0	0
923	22000	0	0
924	22000	0	0
925	22000	0	0
926	22000	0	0
927	22000	0	0
928	22000	0	0
929	22000	0	0
930	22000	0	0
931	22000	0	0
932	22000	0	0
933	22000	0	0
934	22000	0	0
935	22000	0	0
936	22000	0	0
937	22000	0	0
938	22000	0	0
939	22000	0	0
940	22000	0	0
941	22000	0	0
942	22000	0	0
943	22000	0	0
944	22000	0	0
945	22000	0	0
946	22000	0	0
947	22000	0	0
948	22000	0	0
949	22000	0	0
950	22000	0	0
951	22000	0	0
952	22000	0	0
953	22000	0	0
954	22000	0	0
955	22000	0	0
956	22000	0	0
957	22000	0	0
958	22000	0	0
959	22000	0	0
960	22000	0	0
961	22000	0	0
962	22000	0	0
963	22000	0	0
964	22000	0	0
965	22000	0	0
966	22000	0	0
967	22000	0	0
968	22000	0	0
969	22000	0	0
970	22000	0	0
971	22000	0	0
972	22000	0	0
973	22000	0	0
974	22000	0	0
975	22000	0	0
976	22000	0	0
977	22000	0	0
978	22000	0	0
979	22000	0	0
980	22000	0	0
981	22000	0	0
982	22000	0	0
983	22000	0	0
984	22000	0	0
985	22000	0	0
986	22000	0	0
987	22000	0	0
988	22000	0	0
989	22000	0	0
990	22000	0	0
991	22000	0	0
992	22000	0	0
993	22000	0	0
994	22000	0	0
995	22000	0	0
996	22000	0	0
997	22000	0	0
998	22000	0	0
999	22000	0	0
1000	22000	0	0
1001	22000	0	0
1002	22000	0	0
1003	22000	0	0
1004	22000	0	0
1005	22000	0	0
1006	22000	0	0
1007	22000	0	0
1008	22000	0	0
1009	22000	0	0
1010	22000	0	0
1011	22000	0	0
1012	22000	0	0
1013	22000	0	0
1014	22000	0	0
1015	22000	0	0
1016	22000	0	0
1017	22000	0	0
1018	22000	0	0
1019	22000	0	0
1020	22000	0	0
1021	22000	0	0
1022	22000	0	0
1023	22000	0	0
1024	22000	0	0
1025	22000	0	0
1026	22000	0	0
1027	22000	0	0
1028	22000	0	0
1029	22000	0	0
1030	22000	0	0
1031	22000	0	0
1032	22000	0	0
1033	22000	0	0
1034	22000	0	0
1035	22000	0	0
1036	22000	0	0
1037	22000	0	0
1038	22000	0	0
1039	22000	0	0
1040	22000	0	0
1041	22000	0	0
1042	22000	0	0
1043	22000	0	0
1044	22000	0	0
1045	22000	0	0
1046	22000	0	0
1047	22000	0	0
1048	22000	0	0
1049	22000	0	0
1050	22000	0	0
1051	22000	0	0
1052	22000	0	0
1053	22000	0	0
1054	22000	0	0
1055	22000	0	0
1056	22000	0	0
1057	22000	0	0
1058	22000	0	0
1059	22000	0	0
1060	22000	0	0
1061	22000	0	0
1062	22000	0	0
1063	22000	0	0
1064	22000	0	0
1065	22000	0	0
1066	22000	0	0
1067	22000	0	0
1068	22000	0	0
1069	22000	0	0
1070	22000	0	0
1071	22000	0	0
1072	22000	0	0
1073	22000	0	0
1074	22000	0	0
1075	22000	0	0
1076	22000	0	0
1077	22000	0	0
1078	22000	0	0
1079	22000	0	0
1080	22000	0	0
1081	22000	0	0
1082	22000	0	0
1083	22000	0	0
1084	22000	0	0
1085	22000	0	0
1086	22000	0	0
1087	22000	0	0
1088	22000	0	0
1089	22000	0	0
1090	22000	0	0
1091	22000	0	0
1092	22000	0	0
1093	22000	0	0
1094	22000	0	0
1095	22000	0	0
1096	22000	0	0
1097	22000	0	0
1098	22000	0	0
1099	22000	0	0
1100	22000	0	0
1101	22000	0	0
1102	22000	0	0
1103	22000	0	0
1104	22000	0	0
1105	22000	0	0
1106	22000	0	0
1107	22000	0	0
1108	22000	0	0
1109	22000	0	0
1110	22000	0	0
1111	22000	0	0
1112	22000	0	0
1113	22000	0	0
1114	22000	0	0
1115	22000	0	0
1116	22000	0	0
1117	22000	0	0
1118	22000	0	0
1119	22000	0	0
1120	22000	0	0
1121	22000	0	0
1122	22000	0	0
1123	22000	0	0
1124	22000	0	0
1125	22000	0	0
1126	22000	0	0
1127	22000	0	0
1128	22000	0	0
1129	22000	0	0
1130	22000	0	0
1131	22000	0	0
1132	22000	0	0
1133	22000	0	0
1134	22000	0	0
1135	22000	0	0
1136	22000	0	0
1137	22000	0	0
1138	22000	0	0
1139	22000	0	0
1140	22000	0	0
1141	22000	0	0
1142	22000	0	0
1143	22000	0	0
1144	22000	0	0
1145	22000	0	0
1146	22000	0	0
1147	22000	0	0
1148	22000	0	0
1149	22000	0	0
1150	22000	0	0
1151	22000	0	0
1152	22000	0	0
1153	22000	0	0
1154	22000	0	0
1155	22000	0	0
1156	22000	0	0
1157	22000	0	0
1158	22000	0	0
1159	22000	0	0
1160	22000	0	0
1161	22000	0	0
1162	22000	0	0
1163	22000	0	0
1164	22000	0	0
1165	22000	0	0
1166	22000	0	0
1167	22000	0	0
1168	22000	0	0
1169	22000	0	0
1170	22000	0	0
1171	22000	0	0
1172	22000	0	0
1173	22000	0	0
1174	22000	0	0
1175	22000	0	0
1176	22000	0	0
1177	22000	0	0
1178	22000	0	0
1179	22000	0	0
1180	22000	0	0
1181	22000	0	0
1182	22000	0	0
1183	22000	0	0
1184	22000	0	0
1185	22000	0	0
1186	22000	0	0
1187	22000	0	0
1188	22000	0	0
1189	22000	0	0
1190	22000	0	0
1191	22000	0	0
1192	22000	0	0
1193	22000	0	0
1194	22000	0	0
1195	22000	0	0
1196	22000	0	0
1197	22000	0	0
1198	22000	0	0
1199	22000	0	0
1200	22000	0	0
1201	22000	0	0
1202	22000	0	0
1203	22000	0	0
1204	22000	0	0
1205	22000	0	0
1206	22000	0	0
1207	22000	0	0
1208	22000	0	0
1209	22000	0	0
1210	22000	0	0
1211	22000	0	0
1212	22000	0	0
1213	22000	0	0
1214	22000	0	0
1215	22000	0	0
1216	22000	0	0
1217	22000	0	0
1218	22000	0	0
1219	22000	0	0
1220	22000	0	0
1221	22000	0	0
1222	22000	0	0
1223	22000	0	0
1224	22000	0	0
1225	22000	0	0
1226	22000	0	0
1227	22000	0	0
1228	22000	0	0
1229	22000	0	0
1230	22000	0	0
1231	22000	0	0
1232	22000	0	0
1233	22000	0	0
1234	22000	0	0
1235	22000	0	0
1236	22000	0	0
1237	22000	0	0
1238	22000	0	0
1239	22000	0	0
1240	22000	0	0
1241	22000	0	0
1242	22000	0	0
1243	22000	0	0
1244	22000	0	0
1245	22000	0	0
1246	22000	0	0
1247	22000	0	0
1248	22000	0	0
1249	22000	0	0
1250	22000	0	0
1251	22000	0	0
1252	22000	0	0
1253	22000	0	0
1254	22000	0	0
1255	22000	0	0
1256	22000	0	0
1257	22000	0	0
1258	22000	0	0
1259	22000	0	0
1260	22000	0	0
1261	22000	0	0
1262	22000	0	0
1263	22000	0	0
1264	22000	0	0
1265	22000	0	0
1266	22000	0	0
1267	22000	0	0
1268	22000	0	0
1269	22000	0	0
1270	22000	0	0
1271	22000	0	0
1272	22000	0	0
1273	22000	0	0
1274	22000	0	0
1275	22000	0	0
1276	22000	0	0
1277	22000	0	0
1278	22000	0	0
1279	22000	0	0
1280	22000	0	0
1281	22000	0	0
1282	22000	0	0
1283	22000	0	0
1284	22000	0	0
1285	22000	0	0
1286	22000	0	0
1287	22000	0	0
1288	22000	0	0
1289	22000	0	0
1290	22000	0	0
1291	22000	0	0
1292	22000	0	0
1293	22000	0	0
1294	22000	0	0
1295	22000	0	0
1296	22000	0	0
1297	22000	0	0
1298	22000	0	0
1299	22000	0	0
1300	22000	0	0
1301	22000	0	0
1302	22000	0	0
1303	22000	0	0
1304	22000	0	0
1305	22000	0	0
1306	22000	0	0
1307	22000	0	0
1308	22000	0	0
1309	22000	0	0
1310	22000	0	0
1311	22000	0	0
1312	22000	0	0
1313	22000	0	0
1314	22000	0	0
1315	22000	0	0
1316	22000	0	0
1317	22000	0	0
1318	22000	0	0
1319	22000	0	0
1320	22000	0	0
1321	22000	0	0
1322	22000	0	0
1323	22000	0	0
1324	22000	0	0
1325	22000	0	0
1326	22000	0	0
1327	22000	0	0
1328	22000	0	0
1329	22000	0	0
1330	22000	0	0
1331	22000	0	0
1332	22000	0	0
1333	22000	0	0
1334	22000	0	0
1335	22000	0	0
1336	22000	0	0
1337	22000	0	0
1338	22000	0	0
1339	22000	0	0
1340	22000	0	0
1341	22000	0	0
1342	22000	0	0
1343	22000	0	0
1344	22000	0	0
1345	22000	0	0
1346	22000	0	0
1347	22000	0	0
1348	22000	0	0
1349	22000	0	0
1350	22000	0	0
1351	22000	0	0
1352	22000	0	0
1353	22000	0	0
1354	22000	0	0
1355	22000	0	0
1356	22000	0	0
1357	22000	0	0
1358	22000	0	0
1359	22000	0	0
1360	22000	0	0
1361	22000	0	0
1362	22000	0	0
1363	22000	0	0
1364	22000	0	0
1365	22000	0	0
1366	22000	0	0
1367	22000	0	0
1368	22000	0	0
1369	22000	0	0
1370	22000	0	0
1371	22000	0	0
1372	22000	0	0
1373	22000	0	0
1374	22000	0	0
1375	22000	0	0
1376	22000	0	0
1377	22000	0	0
1378	22000	0	0
1379	22000	0	0
1380	22000	0	0
1381	22000	0	0
1382	22000	0	0
1383	22000	0	0
1384	22000	0	0
1385	22000	0	0
1386	22000	0	0
1387	22000	0	0
1388	22000	0	0
1389	22000	0	0
1390	22000	0	0
1391	22000	0	0
1392	22000	0	0
1393	22000	0	0
1394	22000	0	0
1395	22000	0	0
1396	22000	0	0
1397	22000	0	0
1398	22000	0	0
1399	22000	0	0
1400	22000	0	0
1401	22000	0	0
1402	22000	0	0
1403	22000	0	0
1404	22000	0	0
1405	22000	0	0
1406	22000	0	0
1407	22000	0	0
1408	22000	0	0
1409	22000	0	0
1410	22000	0	0
1411	22000	0	0
1412	22000	0	0
1413	22000	0	0
1414	22000	0	0
1415	22000	0	0
1416	22000	0	0
1417	22000	0	0
1418	22000	0	0
1419	22000	0	0
1420	22000	0	0
1421	22000	0	0
1422	22000	0	0
1423	22000	0	0
1424	22000	0	0
1425	22000	0	0
1426	22000	0	0
1427	22000	0	0
1428	22000	0	0
1429	22000	0	0
1430	22000	0	0
1431	22000	0	0
1432	22000	0	0
1433	22000	0	0
1434	22000	0	0
1435	22000	0	0
1436	22000	0	0
1437	22000	0	0
1438	22000	0	0
1439	22000	0	0
1440	22000	0	0
1441	22000	0	0
1442	22000	0	0
1443	22000	0	0
1444	22000	0	0
1445	22000	0	0
1446	22000	0	0
1447	22000	0	0
1448	22000	0	0
1449	22000	0	0
1450	22000	0	0
1451	22000	0	0
1452	22000	0	0
1453	22000	0	0
1454	22000	0	0
1455	22000	0	0
1456	22000	0	0
1457	22000	0	0
1458	22000	0	0
1459	22000	0	0
1460	22000	0	0
1461	22000	0	0
1462	22000	0	0
1463	22000	0	0
1464	22000	0	0
1465	22000	0	0
1466	22000	0	0
1467	22000	0	0
1468	22000	0	0
1469	22000	0	0
1470	22000	0	0
1471	22000	0	0
1472	22000	0	0
1473	22000	0	0
1474	22000	0	0
1475	22000	0	0
1476	22000	0	0
1477	22000	0	0
1478	22000	0	0
1479	22000	0	0
1480	22000	0	0
1481	22000	0	0
1482	22000	0	0
1483	22000	0	0
1484	22000	0	0
1485	22000	0	0
1486	22000	0	0
1487	22000	0	0
1488	22000	0	0
1489	22000	0	0
1490	22000	0	0
1491	22000	0	0
1492	22000	0	0
1493	22000	0	0
1494	22000	0	0
1495	22000	0	0
1496	22000	0	0
1497	22000	0	0
1498	22000	0	0
1499	22000	0	0
1500	22000	0	0
1501	22000	0	0
1502	22000	0	0
1503	22000	0	0
1504	22000	0	0
1505	22000	0	0
1506	22000	0	0
1507	22000	0	0
1508	22000	0	0
1509	22000	0	0
1510	22000	0	0
1511	22000	0	0
1512	22000	0	0
1513	22000	0	0
1514	22000	0	0
1515	22000	0	0
1516	22000	0	0
1517	22000	0	0
1518	22000	0	0
1519	22000	0	0
1520	22000	0	0
1521	22000	0	0
1522	22000	0	0
1523	22000	0	0
1524	22000	0	0
1525	22000	0	0
1526	22000	0	0
1527	22000	0	0
1528	22000	0	0
1529	22000	0	0
1530	22000	0	0
1531	22000	0	0
1532	22000	0	0
1533	22000	0	0
1534	22000	0	0
1535	22000	0	0
1536	22000	0	0
1537	22000	0	0
1538	22000	0	0
1539	22000	0	0
1540	22000	0	0
1541	22000	0	0
1542	22000	0	0
1543	22000	0	0
1544	22000	0	0
1545	22000	0	0
1546	22000	0	0
1547	22000	0	0
1548	22000	0	0
1549	22000	0	0
1550	22000	0	0
1551	22000	0	0
1552	22000	0	0
1553	22000	0	0
1554	22000	0	0
1555	22000	0	0
1556	22000	0	0
1557	22000	0	0
1558	22000	0	0
1559	22000	0	0
1560	22000	0	0
1561	22000	0	0
1562	22000	0	0
1563	22000	0	0
1564	22000	0	0
1565	22000	0	0
1566	22000	0	0
1567	22000	0	0
1568	22000	0	0
1569	22000	0	0
1570	22000	0	0
1571	22000	0	0
1572	22000	0	0
1573	22000	0	0
1574	22000	0	0
1575	22000	0	0
1576	22000	0	0
1577	22000	0	0
1578	22000	0	0
1579	22000	0	0
1580	22000	0	0
1581	22000	0	0
1582	22000	0	0
1583	22000	0	0
1584	22000	0	0
1585	22000	0	0
1586	22000	0	0
1587	22000	0	0
1588	22000	0	0
1589	22000	0	0
1590	22000	0	0
1591	22000	0	0
1592	22000	0	0
1593	22000	0	0
1594	22000	0	0
1595	22000	0	0
1596	22000	0	0
1597	22000	0	0
1598	22000	0	0
1599	22000	0	0
1600	22000	0	0
1601	22000	0	0
1602	22000	0	0
1603	22000	0	0
1604	22000	0	0
1605	22000	0	0
1606	22000	0	0
1607	22000	0	0
1608	22000	0	0
1609	22000	0	0
1610	22000	0	0
1611	22000	0	0
1612	22000	0	0
1613	22000	0	0
1614	22000	0	0
1615	22000	0	0
1616	22000	0	0
1617	22000	0	0
1618	22000	0	0
1619	22000	0	0
1620	22000	0	0
1621	22000	0	0
1622	22000	0	0
1623	22000	0	0
1624	22000	0	0
1625	22000	0	0
1626	22000	0	0
1627	22000	0	0
1628	22000	0	0
1629	22000	0	0
1630	22000	0	0
1631	22000	0	0
1632	22000	0	0
1633	22000	0	0
1634	22000	0	0
1635	22000	0	0
1636	22000	0	0
1637	22000	0	0
1638	22000	0	0
1639	22000	0	0
1640	22000	0	0
1641	22000	0	0
1642	22000	0	0
1643	22000	0	0
1644	22000	0	0
1645	22000	0	0
1646	22000	0	0
1647	22000	0	0
1648	22000	0	0
1649	22000	0	0
1650	22000	0	0
1651	22000	0	0
1652	22000	0	0
1653	22000	0	0
1654	22000	0	0
1655	22000	0	0
1656	22000	0	0
1657	22000	0	0
1658	22000	0	0
1659	22000	0	0
1660	22000	0	0
1661	22000	0	0
1662	22000	0	0
1663	22000	0	0
1664	22000	0	0
1665	22000	0	0
1666	22000	0	0
1667	22000	0	0
1668	22000	0	0
1669	22000	0	0
1670	22000	0	0
1671	22000	0	0
1672	22000	0	0
1673	22000	0	0
1674	22000	0	0
1675	22000	0	0
1676	22000	0	0
1677	22000	0	0
1678	22000	0	0
1679	22000	0	0
1680	22000	0	0
1681	22000	0	0
1682	22000	0	0
1683	22000	0	0
1684	22000	0	0
1685	22000	0	0
1686	22000	0	0
1687	22000	0	0
1688	22000	0	0
1689	22000	0	0
1690	22000	0	0
1691	22000	0	0
1692	22000	0	0
1693	22000	0	0
1694	22000	0	0
1695	22000	0	0
1696	22000	0	0
1697	22000	0	0
1698	22000	0	0
1699	22000	0	0
1700	22000	0	0
1701	22000	0	0
1702	22000	0	0
1703	22000	0	0
1704	22000	0	0
1705	22000	0	0
1706	22000	0	0
1707	22000	0	0
1708	22000	0	0
1709	22000	0	0
1710	22000	0	0
1711	22000	0	0
1712	22000	0	0
1713	22000	0	0
1714	22000	0	0
1715	22000	0	0
1716	22000	0	0
1717	22000	0	0
1718	22000	0	0
1719	22000	0	0
1720	22000	0	0
1721	22000	0	0
1722	22000	0	0
1723	22000	0	0
1724	22000	0	0
1725	22000	0	0
1726	22000	0	0
1727	22000	0	0
1728	22000	0	0
1729	22000	0	0
1730	22000	0	0
1731	22000	0	0
1732	22000	0	0
1733	22000	0	0
1734	22000	0	0
1735	22000	0	0
1736	22000	0	0
1737	22000	0	0
1738	22000	0	0
1739	22000	0	0
1740	22000	0	0
1741	22000	0	0
1742	22000	0	0
1743	22000	0	0
1744	22000	0	0
1745	22000	0	0
1746	22000	0	0
1747	22000	0	0
1748	22000	0	0
1749	22000	0	0
1750	22000	0	0
1751	22000	0	0
1752	22000	0	0
1753	22000	0	0
1754	22000	0	0
1755	22000	0	0
1756	22000	0	0
1757	22000	0	0
1758	22000	0	0
1759	22000	0	0
1760	22000	0	0
1761	22000	0	0
1762	22000	0	0
1763	22000	0	0
1764	22000	0	0
1765	22000	0	0
1766	22000	0	0
1767	22000	0	0
1768	22000	0	0
1769	22000	0	0
1770	22000	0	0
1771	22000	0	0
1772	22000	0	0
1773	22000	0	0
1774	22000	0	0
1775	22000	0	0
1776	22000	0	0
1777	22000	0	0
1778	22000	0	0
1779	22000	0	0
1780	22000	0	0
1781	22000	0	0
1782	22000	0	0
1783	22000	0	0
1784	22000	0	0
1785	22000	0	0
1786	22000	0	0
1787	22000	0	0
1788	22000	0	0
1789	22000	0	0
1790	22000	0	0
1791	22000	0	0
1792	22000	0	0
1793	22000	0	0
1794	22000	0	0
1795	22000	0	0
1796	22000	0	0
1797	22000	0	0
1798	22000	0	0
1799	22000	0	0
1800	22000	0	0
1801	22000	0	0
1802	22000	0	0
1803	22000	0	0
1804	22000	0	0
1805	22000	0	0
1806	22000	0	0
1807	22000	0	0
1808	22000	0	0
1809	22000	0	0
1810	22000	0	0
1811	22000	0	0
1812	22000	0	0
1813	22000	0	0
1814	22000	0	0
1815	22000	0	0
1816	22000	0	0
1817	22000	0	0
1818	22000	0	0
1819	22000	0	0
1820	22000	0	0
1821	22000	0	0
1822	22000	0	0
1823	22000	0	0
1824	22000	0	0
1825	22000	0	0
1826	22000	0	0
1827	22000	0	0
1828	22000	0	0
1829	22000	0	0
1830	22000	0	0
1831	22000	0	0
1832	22000	0	0
1833	22000	0	0
1834	22000	0	0
1835	22000	0	0
1836	22000	0	0
1837	22000	0	0
1838	22000	0	0
1839	22000	0	0
1840	22000	0	0
1841	22000	0	0
1842	22000	0	0
1843	22000	0	0
1844	22000	0	0
1845	22000	0	0
1846	22000	0	0
1847	22000	0	0
1848	22000	0	0
1849	22000	0	0
1850	22000	0	0
1851	22000	0	0
1852	22000	0	0
1853	22000	0	0
1854	22000	0	0
1855	22000	0	0
1856	22000	0	0
1857	22000	0	0
1858	22000	0	0
1859	22000	0	0
1860	22000	0	0
1861	22000	0	0
1862	22000	0	0
1863	22000	0	0
1864	22000	0	0
1865	22000	0	0
1866	22000	0	0
1867	22000	0	0
1868	22000	0	0
1869	22000	0	0
1870	22000	0	0
1871	22000	0	0
1872	22000	0	0
1873	22000	0	0
1874	22000	0	0
1875	22000	0	0
1876	22000	0	0
1877	22000	0	0
1878	22000	0	0
1879	22000	0	0
1880	22000	0	0
1881	22000	0	0
1882	22000	0	0
1883	22000	0	0
1884	22000	0	0
1885	22000	0	0
1886	22000	0	0
1887	22000	0	0
1888	22000	0	0
1889	22000	0	0
1890	22000	0	0
1891	22000	0	0
1892	22000	0	0
1893	22000	0	0
1894	22000	0	0
1895	22000	0	0
1896	22000	0	0
1897	22000	0	0
1898	22000	0	0
1899	22000	0	0
1900	22000	0	0
1901	22000	0	0
1902	22000	0	0
1903	22000	0	0
1904	22000	0	0
1905	22000	0	0
1906	22000	0	0
1907	22000	0	0
1908	22000	0	0
1909	22000	0	0
1910	22000	0	0
1911	22000	0	0
1912	22000	0	0
1913	22000	0	0
1914	22000	0	0
1915	22000	0	0
1916	22000	0	0
1917	22000	0	0
1918	22000	0	0
1919	22000	0	0
1920	22000	0	0
1921	22000	0	0
1922	22000	0	0
1923	22000	0	0
1924	22000	0	0
1925	22000	0	0
1926	22000	0	0
1927	22000	0	0
1928	22000	0	0
1929	22000	0	0
1930	22000	0	0
1931	22000	0	0
1932	22000	0	0
1933	22000	0	0
1934	22000	0	0
1935	22000	0	0
1936	22000	0	0
1937	22000	0	0
1938	22000	0	0
1939	22000	0	0
1940	22000	0	0
1941	22000	0	0
1942	22000	0	0
1943	22000	0	0
1944	22000	0	0
1945	22000	0	0
1946	22000	0	0
1947	22000	0	0
1948	22000	0	0
1949	22000	0	0
1950	22000	0	0
1951	22000	0	0
1952	22000	0	0
1953	22000	0	0
1954	22000	0	0
1955	22000	0	0
1956	22000	0	0
1957	22000	0	0
1958	22000	0	0
1959	22000	0	0
1960	22000	0	0
1961	22000	0	0
1962	22000	0	0
1963	22000	0	0
1964	22000	0	0
1965	22000	0	0
1966	22000	0	0
1967	22000	0	0
1968	22000	0	0
1969	22000	0	0
1970	22000	0	0
1971	22000	0	0
1972	22000	0	0
1973	22000	0	0
1974	22000	0	0
1975	22000	0	0
1976	22000	0	0
1977	22000	0	0
1978	22000	0	0
1979	22000	0	0
1980	22000	0	0
1981	22000	0	0
1982	22000	0	0
1983	22000	0	0
1984	22000	0	0
1985	22000	0	0
1986	22000	0	0
1987	22000	0	0
1988	22000	0	0
1989	22000	0	0
1990	22000	0	0
1991	22000	0	0
1992	22000	0	0
1993	22000	0	0
1994	22000	0	0
1995	22000	0	0
1996	22000	0	0
1997	22000	0	0
1998	22000	0	0
1999	22000	0	0
